41 1 2 2 5993 1 -2
49 8 1 2 5130 0 -2
37 2 2 1 2090 1 -2
33 3 4 1 2909 1 -2
27 2 1 1 3468 0 -2
32 2 2 1 3068 0 -2
59 3 3 1 2670 1 -2
30 24 1 1 2693 0 -2
38 23 3 3 9526 0 -2
36 27 3 2 5237 0 -2
35 16 3 1 2426 0 -2
29 15 2 2 4193 1 -2
31 26 1 1 2911 0 -2
34 19 2 1 2661 0 -2
28 24 3 1 2028 1 -2
29 21 4 3 9980 0 -2
32 5 2 1 3298 1 -2
22 16 2 1 2935 1 -2
53 2 4 4 15427 0 -2
38 2 3 1 3944 1 -2
24 11 2 2 4011 0 -2
36 9 4 1 3407 0 -2
34 7 4 3 11994 0 -2
21 15 2 1 1232 0 -2
34 6 1 1 2960 0 -2
53 5 3 5 19094 0 -2
32 16 1 1 3919 1 -2
42 8 4 2 6825 0 -2
44 7 4 3 10248 0 -2
46 2 4 5 18947 0 -2
33 2 3 1 2496 0 -2
44 10 4 2 6465 1 -2
30 9 2 1 2206 0 -2
39 5 3 2 2086 0 -2
24 1 3 1 2293 1 -2
43 2 2 1 2645 0 -2
50 3 2 1 2683 1 -2
35 2 3 1 2014 0 -2
36 5 4 1 3419 1 -2
33 1 3 2 5376 0 -2
35 4 2 1 1951 0 -2
27 2 4 1 2341 0 -2
26 25 3 1 2293 0 -2
27 8 3 3 8726 0 -2
30 1 2 2 4011 0 -2
41 12 3 5 19545 0 -2
34 23 4 2 4568 0 -2
37 19 2 1 3022 0 -2
46 5 4 2 5772 1 -2
35 8 1 1 2269 0 -2
48 1 2 3 5381 1 -2
28 5 4 1 3441 1 -2
44 1 5 2 5454 1 -2
35 11 2 3 9884 1 -2
26 23 3 2 4157 1 -2
33 1 2 3 13458 1 -2
35 18 5 3 9069 0 -2
35 23 4 1 4014 1 -2
31 7 4 2 5915 0 -2
37 1 4 2 5993 0 -2
32 1 3 2 6162 1 -2
38 29 5 2 2406 0 -2
50 7 2 5 18740 1 -2
59 25 3 3 7637 0 -2
36 8 3 3 10096 0 -2
55 8 3 4 14756 1 -2
36 11 3 2 6499 0 -2
45 7 3 3 9724 0 -2
35 1 3 1 2194 0 -2
36 9 3 1 3388 1 -2
59 1 1 2 5473 0 -2
29 2 3 1 2703 0 -2
31 1 4 1 2501 0 -2
32 1 3 2 6220 0 -2
36 6 3 1 3038 0 -2
31 8 4 2 4424 0 -2
35 1 4 2 4312 0 -2
45 6 4 3 13245 1 -2
37 7 4 3 13664 0 -2
46 5 2 2 5021 1 -2
30 1 1 2 5126 1 -2
35 1 3 1 2859 0 -2
55 1 2 3 10239 0 -2
38 6 3 2 5329 1 -2
34 1 2 2 4325 0 -2
56 7 3 3 7260 0 -2
23 2 1 1 2322 0 -2
51 9 4 1 2075 0 -2
30 2 3 2 4152 0 -2
46 9 2 3 9619 0 -2
40 1 4 4 13503 0 -2
51 21 4 2 5441 1 -2
30 4 2 2 5209 1 -2
46 1 3 3 10673 1 -2
32 6 4 2 5010 0 -2
54 2 4 3 13549 0 -2
24 3 2 2 4999 0 -2
28 4 3 2 4221 0 -2
58 10 4 4 13872 0 -2
44 23 3 2 2042 0 -2
37 6 4 1 2073 1 -2
32 1 1 1 2956 0 -2
20 6 3 1 2926 1 -2
34 6 4 2 4809 0 -2
37 2 2 2 5163 0 -2
59 2 4 5 18844 0 -2
50 1 3 5 18172 1 -2
25 5 3 2 5744 1 -2
25 7 1 1 2889 0 -2
22 15 3 1 2871 0 -2
51 1 4 3 7484 0 -2
34 7 3 2 6074 1 -2
54 26 3 4 17328 1 -2
24 18 1 1 2774 0 -2
34 6 4 2 4505 0 -2
37 3 3 3 7428 0 -2
34 5 3 3 11631 0 -2
36 11 2 3 9738 0 -2
36 3 2 1 2835 0 -2
43 26 2 4 16959 1 -2
30 23 3 1 2613 0 -2
33 22 2 2 6146 0 -2
56 14 4 1 4963 1 -2
51 6 3 5 19537 0 -2
31 6 4 2 6172 1 -2
26 6 3 1 2368 0 -2
58 23 4 3 10312 0 -2
19 22 1 1 1675 1 -2
22 2 1 1 2523 0 -2
49 20 4 2 6567 0 -2
43 28 3 1 4739 0 -2
50 12 3 3 9208 0 -2
31 20 3 2 4559 1 -2
41 9 1 3 8189 1 -2
26 25 1 1 2942 0 -2
36 6 2 2 4941 0 -2
51 8 4 3 10650 0 -2
39 4 4 2 5902 0 -2
25 28 3 2 8639 0 -2
30 9 3 2 6347 1 -2
32 9 3 1 4200 0 -2
45 29 3 1 3452 0 -2
38 3 5 2 4317 1 -2
30 18 3 1 2632 0 -2
32 9 2 2 4668 0 -2
30 5 3 1 3204 0 -2
30 2 1 1 2720 0 -2
41 10 3 4 17181 0 -2
41 9 4 1 2238 0 -2
19 3 1 1 1483 0 -2
40 26 3 2 5605 0 -2
35 1 5 3 7295 0 -2
53 6 2 2 2306 1 -2
45 9 3 2 2348 0 -2
32 8 3 3 8998 0 -2
29 1 1 2 4319 0 -2
51 7 4 2 6132 0 -2
58 9 3 1 3346 1 -2
40 4 4 3 10855 0 -2
34 2 4 1 2231 0 -2
22 19 1 1 2323 0 -2
27 9 3 1 2024 0 -2
28 21 3 1 2713 0 -2
57 24 2 3 9439 1 -2
27 3 3 1 2566 1 -2
50 11 3 5 19926 0 -2
41 14 3 1 2451 0 -2
30 5 3 3 9419 0 -2
38 1 4 2 8686 0 -2
32 6 5 1 3038 0 -2
27 17 3 1 3058 1 -2
19 1 1 1 2325 0 -2
36 3 2 1 2088 0 -2
30 9 3 2 3072 0 -2
45 4 2 2 5006 1 -2
56 8 3 1 4257 1 -2
33 2 3 1 2500 0 -2
19 2 3 1 1102 0 -2
46 1 2 3 10453 0 -2
38 9 2 1 2288 0 -2
31 12 1 1 3929 1 -2
34 27 2 1 2311 0 -2
41 20 2 1 3140 1 -2
50 1 3 1 3690 0 -2
53 13 2 2 4450 0 -2
33 14 3 1 2756 0 -2
40 4 1 5 19033 0 -2
55 14 4 5 18722 0 -2
34 2 1 2 9547 0 -2
51 3 3 4 13734 0 -2
52 1 4 5 19999 0 -2
27 9 3 1 2279 0 -2
35 23 2 2 5916 1 -2
43 7 3 1 2089 0 -2
45 2 2 4 16792 0 -2
37 21 3 1 3564 1 -2
35 2 3 2 4425 0 -2
42 21 2 2 5265 0 -2
38 2 4 2 6553 0 -2
38 29 3 2 6261 0 -2
27 1 1 2 4298 0 -2
49 18 4 2 6804 1 -2
34 10 4 1 3815 1 -2
40 19 2 2 2741 1 -2
38 29 1 2 6673 1 -2
29 27 3 3 7639 0 -2
22 5 3 1 2328 1 -2
36 18 1 1 2153 0 -2
40 9 5 2 4876 0 -2
46 1 4 3 9396 0 -2
32 4 4 3 10400 0 -2
30 1 1 3 8474 0 -2
27 20 3 2 9981 0 -2
51 8 4 3 12490 0 -2
30 3 3 1 2657 1 -2
41 6 3 3 13591 1 -2
30 26 4 2 6696 0 -2
29 1 3 1 2058 0 -2
45 6 3 3 8865 0 -2
54 3 3 2 5940 0 -2
36 5 2 2 5914 0 -2
33 4 4 1 2622 0 -2
37 11 3 3 12185 1 -2
38 3 3 3 10609 0 -2
31 1 4 2 4345 0 -2
59 3 3 1 2177 0 -2
37 4 4 1 2793 0 -2
29 1 1 3 7918 0 -2
35 1 3 3 8789 0 -2
29 18 1 1 2389 1 -2
52 2 3 1 3212 0 -2
42 4 2 5 19232 0 -2
59 6 2 1 2267 0 -2
50 1 4 5 19517 0 -2
33 14 3 1 2436 1 -2
43 16 3 4 16064 1 -2
33 2 2 1 2707 0 -2
52 2 4 5 19068 1 -2
32 4 2 1 3931 0 -2
32 1 3 1 3730 1 -2
39 1 4 1 2232 0 -2
32 26 4 2 4465 0 -2
41 19 2 2 3072 0 -2
40 24 2 2 3319 0 -2
45 1 3 5 19202 0 -2
31 3 4 3 13675 0 -2
33 5 4 1 2911 0 -2
34 2 4 2 5957 0 -2
37 1 2 1 3920 0 -2
45 7 4 2 6434 0 -2
37 10 3 3 10048 0 -2
39 2 4 3 10938 0 -2
29 15 3 1 2340 0 -2
42 17 2 2 6545 1 -2
29 20 2 2 6931 0 -2
25 1 3 2 4898 0 -2
42 2 3 1 2593 1 -2
40 2 2 5 19436 0 -2
51 1 3 1 2723 0 -2
31 29 2 1 3479 0 -2
32 7 3 1 2794 0 -2
38 2 2 2 5249 0 -2
32 2 1 2 2176 0 -2
46 2 3 4 16872 1 -2
28 2 4 1 3485 0 -2
29 2 3 2 6644 0 -2
31 23 3 2 5582 0 -2
25 5 2 2 4000 0 -2
45 20 2 4 13496 1 -2
36 6 3 1 3210 0 -2
55 1 3 5 19045 1 -2
47 29 4 3 11849 1 -2
28 9 3 1 2070 0 -2
37 6 4 2 6502 0 -2
21 3 2 1 3230 0 -2
37 1 4 3 13603 1 -2
35 22 3 3 11996 0 -2
38 7 2 2 5605 1 -2
26 1 3 2 6397 0 -2
50 4 1 5 19144 0 -2
53 3 4 4 17584 1 -2
42 1 1 2 4907 0 -2
29 2 2 2 4554 0 -2
55 20 2 2 5415 1 -2
26 11 2 2 4741 1 -2
37 1 3 1 2115 0 -2
44 24 3 1 3161 1 -2
38 23 4 2 5745 0 -2
26 16 4 1 2373 1 -2
28 8 2 1 3310 0 -2
49 10 4 5 18665 1 -2
36 3 3 2 4485 0 -2
31 5 3 1 2789 0 -2
26 4 4 2 5828 1 -2
37 9 3 1 2326 1 -2
42 26 3 4 13525 0 -2
18 3 3 1 1420 0 -2
35 16 3 3 8020 0 -2
36 18 4 1 3688 0 -2
51 2 3 2 5482 0 -2
41 2 4 4 16015 0 -2
18 10 3 1 1200 0 -2
28 16 2 2 5661 0 -2
31 7 3 2 6929 0 -2
39 1 3 3 9613 0 -2
36 24 4 2 5674 0 -2
32 7 3 2 5484 0 -2
38 25 2 3 12061 0 -2
58 1 4 2 5660 1 -2
31 5 4 1 4821 1 -2
31 2 3 2 6410 0 -2
45 7 3 3 5210 0 -2
31 2 4 1 2695 1 -2
33 5 4 3 11878 0 -2
39 10 1 4 17068 1 -2
43 10 4 1 2455 0 -2
49 1 2 4 13964 1 -2
52 8 4 2 4941 0 -2
27 5 3 1 2478 1 -2
32 8 2 2 5228 1 -2
27 2 3 2 4478 1 -2
31 7 3 2 7547 0 -2
32 2 4 2 5055 0 -2
28 2 4 1 3464 1 -2
30 28 2 2 5775 0 -2
31 7 2 3 8943 0 -2
39 7 2 5 19272 0 -2
39 3 2 2 5238 1 -2
33 10 3 2 4682 0 -2
47 5 5 5 18300 0 -2
43 10 4 2 5257 0 -2
27 1 1 2 6349 1 -2
54 20 4 2 4869 0 -2
43 7 3 3 9985 0 -2
45 8 4 2 3697 0 -2
40 1 2 2 7457 1 -2
29 8 4 1 2119 1 -2
29 9 5 1 3983 0 -2
30 5 3 2 6118 0 -2
27 8 4 2 6214 0 -2
37 5 2 2 6347 0 -2
38 15 2 3 11510 1 -2
31 7 4 3 7143 1 -2
29 10 1 2 8268 1 -2
35 5 4 3 8095 0 -2
23 26 1 1 2904 0 -2
41 6 3 2 6032 1 -2
47 4 1 2 2976 0 -2
42 23 5 4 15992 0 -2
29 2 3 2 4649 0 -2
42 2 1 1 2696 1 -2
32 2 3 1 2370 0 -2
48 29 1 3 12504 0 -2
37 6 3 2 5974 1 -2
30 25 2 2 4736 1 -2
26 1 3 2 5296 0 -2
42 2 4 2 6781 0 -2
21 1 1 1 2174 1 -2
36 1 5 2 6653 0 -2
36 3 4 3 9699 0 -2
57 1 4 2 6755 0 -2
40 10 4 1 2213 1 -2
21 9 2 1 2610 0 -2
33 5 3 1 2851 1 -2
37 10 3 1 3452 0 -2
46 7 4 2 5258 0 -2
41 4 3 2 9355 0 -2
50 10 3 3 10496 0 -2
40 22 2 2 6380 1 -2
31 9 4 1 2657 1 -2
21 12 3 1 2716 0 -2
29 23 3 1 2201 0 -2
35 9 4 2 6540 0 -2
27 1 2 1 3816 0 -2
28 9 4 2 5253 0 -2
49 7 3 3 10965 0 -2
51 14 2 2 4936 0 -2
36 2 3 1 2543 0 -2
34 19 3 2 5304 1 -2
55 2 3 4 16659 1 -2
24 10 4 2 4260 1 -2
30 2 1 1 2476 0 -2
26 3 1 1 3102 0 -2
22 11 3 1 2244 0 -2
36 2 2 3 7596 0 -2
30 4 3 1 2285 1 -2
37 14 3 1 3034 0 -2
40 2 2 2 5715 0 -2
42 1 4 1 2576 0 -2
37 10 4 2 4197 1 -2
43 12 3 4 14336 0 -2
40 2 3 2 3448 0 -2
54 5 2 5 19406 0 -2
34 4 4 2 6538 0 -2
31 7 2 2 4306 0 -2
43 21 3 1 2258 0 -2
43 8 4 2 4522 1 -2
25 4 2 2 4487 1 -2
37 25 5 2 4449 1 -2
31 1 2 1 2218 0 -2
39 1 1 5 19197 1 -2
56 6 3 4 13212 0 -2
30 12 3 2 6577 0 -2
41 1 3 3 8392 0 -2
28 17 2 2 4558 0 -2
25 3 3 1 4031 0 -2
52 3 3 3 7969 1 -2
45 10 2 1 2654 0 -2
52 4 2 4 16555 0 -2
42 29 2 2 4556 0 -2
30 2 3 2 6091 0 -2
60 7 3 5 19566 0 -2
46 18 3 2 4810 0 -2
42 28 4 2 4523 0 -2
24 1 1 1 3202 1 -2
34 6 2 1 2351 0 -2
38 2 2 1 1702 1 -2
40 2 4 5 18041 0 -2
26 23 3 1 2886 0 -2
30 3 3 1 2097 0 -2
29 3 4 3 11935 0 -2
29 25 5 1 2546 0 -2
19 2 2 1 2564 0 -2
30 22 4 3 8412 0 -2
57 29 3 4 14118 0 -2
50 29 4 4 17046 0 -2
30 2 3 1 2564 0 -2
60 28 3 3 10266 0 -2
47 2 2 2 5070 0 -2
46 2 3 4 17861 0 -2
35 22 3 1 4230 0 -2
54 8 4 2 3780 0 -2
34 2 4 1 2768 0 -2
46 10 3 3 9071 1 -2
31 9 1 3 10648 0 -2
33 15 1 3 13610 1 -2
33 10 1 1 3408 0 -2
30 7 1 1 2983 0 -2
35 16 3 3 7632 1 -2
31 20 3 3 9824 0 -2
34 23 3 3 9950 1 -2
42 5 2 1 2093 0 -2
36 10 4 3 9980 0 -2
22 4 1 1 3894 0 -2
48 2 5 2 4051 0 -2
55 18 5 4 16835 0 -2
41 10 2 2 6230 0 -2
35 1 3 2 4717 0 -2
40 6 3 4 13237 0 -2
39 8 1 1 3755 0 -2
31 2 1 2 6582 1 -2
42 24 3 3 7406 1 -2
45 2 3 2 4805 0 -2
26 17 4 1 2741 1 -2
29 19 3 2 4262 0 -2
33 1 5 4 16184 0 -2
31 7 3 3 11557 0 -2
18 5 3 1 1878 1 -2
40 28 3 3 10932 0 -2
41 2 4 2 6811 1 -2
26 29 2 2 4306 0 -2
35 1 3 2 4859 0 -2
34 21 4 2 5337 0 -2
26 24 3 1 2340 1 -2
37 1 3 3 7491 0 -2
46 18 1 3 10527 0 -2
41 2 5 4 16595 0 -2
37 9 4 3 8834 0 -2
52 6 2 2 5577 1 -2
32 11 4 2 4707 0 -2
24 24 3 1 2400 0 -2
38 10 3 2 9824 0 -2
37 1 4 2 6447 0 -2
49 18 4 5 19502 1 -2
24 23 3 1 2725 1 -2
26 28 2 2 6272 0 -2
24 17 2 1 2127 0 -2
50 3 3 5 18200 0 -2
25 13 1 1 2096 0 -2
24 7 3 1 2886 1 -2
30 12 4 1 2033 0 -2
34 1 2 1 3622 1 -2
31 13 4 2 4233 0 -2
35 25 2 2 3681 0 -2
31 6 4 2 5460 0 -2
27 6 4 1 2187 0 -2
37 2 3 2 9602 1 -2
20 1 3 1 2836 0 -2
42 2 4 2 4089 0 -2
43 6 4 4 16627 1 -2
38 1 1 1 2619 0 -2
43 9 5 2 5679 1 -2
48 1 4 4 15402 0 -2
44 1 4 2 5985 0 -2
34 14 3 1 2579 1 -2
27 2 1 1 3041 0 -2
21 22 1 1 3447 0 -2
44 3 4 5 19513 1 -2
22 6 1 1 2773 0 -2
33 8 4 2 7104 0 -2
32 9 4 2 6322 1 -2
30 3 3 1 2083 0 -2
53 1 1 2 8381 0 -2
34 1 5 1 2691 0 -2
45 26 4 2 4286 0 -2
26 6 3 1 2659 1 -2
37 3 3 3 9434 0 -2
29 3 2 2 5561 0 -2
35 6 4 2 6646 0 -2
33 6 3 2 7725 0 -2
54 19 4 3 10725 0 -2
36 9 2 2 8847 1 -2
27 3 4 1 2045 0 -2
20 10 1 1 1009 1 -2
33 3 3 1 3348 1 -2
35 3 3 1 1281 0 -2
23 4 3 1 2819 0 -2
25 8 3 2 4851 0 -2
38 7 4 2 4028 0 -2
29 1 4 1 2720 0 -2
48 2 1 2 8120 0 -2
27 3 1 2 4647 1 -2
37 10 2 1 4680 0 -2
50 28 1 1 3221 1 -2
34 9 3 3 8621 0 -2
24 3 2 2 4577 0 -2
39 2 4 2 4553 0 -2
32 10 3 2 5396 0 -2
50 8 2 2 6796 1 -2
38 1 4 2 7625 0 -2
27 1 2 3 7412 0 -2
32 3 2 3 11159 0 -2
47 14 4 2 4960 0 -2
40 5 4 3 10475 1 -2
53 7 3 4 14814 0 -2
41 10 4 5 19141 0 -2
60 16 4 2 5405 0 -2
27 10 2 3 8793 0 -2
41 1 3 5 19189 0 -2
50 8 4 1 3875 0 -2
28 1 2 1 2216 1 -2
36 8 3 3 11713 0 -2
38 1 3 3 7861 1 -2
44 24 3 1 3708 0 -2
47 3 3 4 13770 1 -2
30 27 5 2 5304 0 -2
29 10 3 1 2642 0 -2
42 19 3 1 2759 1 -2
43 15 3 2 6804 0 -2
34 8 2 2 6142 0 -2
23 9 1 1 2500 0 -2
39 3 3 2 6389 0 -2
56 9 3 4 11103 0 -2
40 2 1 1 2342 1 -2
27 7 3 2 6811 0 -2
29 10 3 1 2297 0 -2
53 6 3 2 2450 0 -2
35 2 4 2 5093 0 -2
32 24 4 2 5309 0 -2
38 2 5 1 3057 1 -2
34 8 5 2 5121 0 -2
52 3 4 4 16856 0 -2
33 1 4 1 2686 1 -2
25 26 1 2 6180 0 -2
45 2 2 2 6632 0 -2
23 10 1 1 3505 0 -2
47 27 2 2 6397 1 -2
34 2 3 2 6274 0 -2
55 2 3 5 19859 1 -2
36 8 4 3 7587 0 -2
52 19 4 1 4258 0 -2
26 1 2 1 4364 0 -2
29 27 3 2 4335 0 -2
26 8 3 2 5326 0 -2
34 1 4 1 3280 0 -2
54 19 4 2 5485 1 -2
27 8 1 2 4342 0 -2
37 10 1 1 2782 1 -2
38 2 4 2 5980 1 -2
34 2 4 1 4381 0 -2
35 8 4 1 2572 0 -2
30 1 3 1 3833 0 -2
40 2 2 2 4244 0 -2
34 8 2 2 6500 0 -2
42 8 3 5 18430 0 -2
23 6 3 1 1601 1 -2
24 9 3 1 2694 0 -2
52 11 4 2 3149 0 -2
50 2 3 4 17639 0 -2
29 1 2 1 2319 1 -2
33 7 3 3 11691 0 -2
33 16 3 2 5324 0 -2
47 2 2 4 16752 1 -2
36 1 3 2 5228 0 -2
29 23 2 1 2700 0 -2
58 2 4 5 19246 1 -2
35 1 4 1 2506 0 -2
42 1 2 2 6062 1 -2
28 2 4 1 4382 0 -2
36 13 3 1 2143 0 -2
32 4 3 2 6162 0 -2
40 16 4 2 5094 0 -2
30 2 3 2 6877 1 -2
45 2 3 1 2274 0 -2
42 29 3 2 4434 0 -2
38 12 3 2 6288 0 -2
34 16 4 1 2553 0 -2
49 11 3 3 7654 0 -2
55 2 1 2 5160 0 -2
43 14 2 4 17159 0 -2
27 5 1 3 12808 1 -2
35 7 3 3 10221 0 -2
28 2 4 2 4779 1 -2
34 3 2 1 3737 0 -2
26 5 2 1 2366 1 -2
27 3 3 1 1706 0 -2
51 26 4 4 16307 0 -2
44 4 3 2 5933 0 -2
25 2 1 1 3424 0 -2
33 1 3 2 4037 0 -2
35 27 1 1 2559 0 -2
36 1 2 2 6201 1 -2
32 13 4 2 4403 0 -2
30 5 4 1 3761 0 -2
53 7 2 3 10934 1 -2
45 9 3 3 10761 1 -2
32 8 2 2 5175 0 -2
52 25 4 4 13826 0 -2
37 16 4 2 6334 0 -2
28 8 2 1 4936 0 -2
22 1 2 2 4775 0 -2
44 8 4 1 2818 1 -2
42 2 1 1 2515 1 -2
36 8 3 1 2342 0 -2
25 3 1 2 4194 1 -2
35 9 3 3 10685 1 -2
35 25 4 1 2022 1 -2
32 1 3 1 2314 0 -2
25 4 1 2 4256 0 -2
49 1 3 1 3580 0 -2
24 4 1 1 3162 0 -2
32 5 2 2 6524 0 -2
38 9 3 1 2899 0 -2
42 3 3 2 5231 1 -2
31 11 4 1 2356 1 -2
29 1 3 1 2800 1 -2
53 8 3 4 11836 0 -2
35 25 3 3 10903 0 -2
37 21 2 1 2973 0 -2
53 23 4 4 14275 0 -2
43 1 3 2 5562 0 -2
47 2 2 2 4537 1 -2
37 19 2 3 7642 1 -2
50 2 4 4 17924 0 -2
39 2 3 2 5204 0 -2
33 3 2 1 2277 1 -2
32 25 4 1 2795 1 -2
29 7 1 1 2532 0 -2
44 9 2 1 2559 1 -2
28 5 4 2 4908 0 -2
58 2 1 1 2380 1 -2
43 8 3 2 4765 0 -2
20 2 3 1 2044 0 -2
21 18 1 1 2693 0 -2
36 14 1 2 6586 1 -2
47 2 4 1 3294 1 -2
22 3 1 2 4171 1 -2
41 2 4 1 2778 1 -2
28 9 3 1 2377 0 -2
39 6 3 1 2404 1 -2
27 4 3 1 2318 0 -2
34 10 3 1 2008 0 -2
42 14 2 2 6244 0 -2
33 1 4 1 2799 1 -2
58 5 3 3 10552 1 -2
31 7 4 1 2329 0 -2
35 21 1 2 4014 1 -2
49 8 2 3 7403 0 -2
48 20 4 1 2259 0 -2
31 20 2 2 6932 0 -2
36 7 4 1 4678 0 -2
38 1 3 3 13582 0 -2
32 1 3 1 2332 0 -2
25 19 2 1 2413 1 -2
40 10 4 3 9705 0 -2
26 1 3 2 4294 0 -2
41 6 3 1 4721 1 -2
36 2 4 1 2519 0 -2
19 21 3 1 2121 1 -2
20 4 3 1 2973 0 -2
31 12 3 2 5855 1 -2
40 9 4 1 3617 1 -2
32 3 4 2 6725 0 -2
36 3 1 3 10325 1 -2
33 1 3 2 6949 0 -2
37 1 4 3 10609 0 -2
45 4 2 2 4447 0 -2
29 20 3 1 2157 0 -2
35 18 3 2 4601 0 -2
52 1 2 4 17099 0 -2
58 2 3 1 2479 0 -2
53 2 2 4 14852 0 -2
30 8 2 3 7264 0 -2
38 10 3 2 5666 1 -2
35 3 4 3 7823 0 -2
39 2 5 3 7880 0 -2
40 24 3 4 13194 1 -2
47 16 4 2 5067 1 -2
36 8 4 2 5079 0 -2
31 9 2 1 2321 1 -2
33 17 3 4 17444 0 -2
29 10 3 1 2404 1 -2
33 13 1 1 3452 0 -2
45 1 4 1 2270 0 -2
50 1 2 4 17399 0 -2
33 1 4 2 5488 1 -2
41 9 3 5 19419 0 -2
27 16 4 1 2811 0 -2
45 23 2 2 3633 1 -2
47 4 2 2 4163 1 -2
30 22 3 1 2132 1 -2
50 24 3 4 13973 1 -2
38 10 1 1 2684 0 -2
46 7 2 3 10845 0 -2
24 17 1 2 4377 0 -2
35 14 4 1 3743 1 -2
31 1 1 2 4148 0 -2
18 5 2 1 1051 0 -2
54 17 3 3 10739 0 -2
35 25 4 3 10388 1 -2
30 8 2 3 11416 1 -2
20 11 3 1 2600 1 -2
30 5 3 1 2422 0 -2
26 2 2 2 5472 0 -2
22 8 1 1 2451 0 -2
48 6 3 2 4240 0 -2
48 4 4 3 10999 0 -2
41 7 2 2 5003 0 -2
39 1 1 4 12742 0 -2
27 2 4 2 4227 0 -2
35 10 3 1 3917 0 -2
42 5 2 5 18303 0 -2
50 9 3 1 2380 0 -2
59 2 3 4 13726 1 -2
37 11 2 2 4777 0 -2
55 18 4 2 6385 1 -2
41 7 1 5 19973 0 -2
38 3 4 2 6861 1 -2
26 29 2 2 4969 0 -2
52 2 1 5 19845 0 -2
44 28 3 4 13320 1 -2
50 1 3 2 6347 0 -2
36 16 4 1 2743 0 -2
39 22 3 3 10880 1 -2
33 8 1 1 2342 0 -2
45 11 2 4 17650 0 -2
32 29 4 1 4025 0 -2
34 1 4 2 9725 0 -2
59 1 2 3 11904 1 -2
45 24 4 1 2177 0 -2
53 2 3 3 7525 0 -2
36 15 3 2 4834 0 -2
26 2 3 1 2042 1 -2
34 10 4 1 2220 1 -2
28 10 1 1 1052 0 -2
38 3 4 1 2821 0 -2
50 2 4 5 19237 1 -2
37 3 3 2 4107 0 -2
40 26 3 2 8396 0 -2
26 1 1 1 2007 0 -2
46 1 4 5 19627 0 -2
54 2 4 3 10686 0 -2
56 9 3 1 2942 0 -2
36 12 5 3 8858 0 -2
55 2 1 4 16756 0 -2
43 25 3 3 10798 0 -2
20 9 3 1 2323 1 -2
21 10 3 1 1416 0 -2
46 8 4 2 4615 1 -2
51 4 4 1 2461 1 -2
28 24 2 3 8722 0 -2
26 1 2 1 3955 0 -2
30 20 3 2 9957 0 -2
41 7 2 1 3376 0 -2
38 17 1 3 8823 0 -2
40 20 4 3 10322 0 -2
27 8 5 1 4621 0 -2
55 2 1 3 10976 0 -2
28 10 3 2 3660 0 -2
44 1 2 3 10482 0 -2
33 5 3 3 7119 0 -2
35 4 3 3 9582 1 -2
33 29 4 2 4508 0 -2
28 15 2 1 2207 0 -2
34 3 1 2 7756 0 -2
37 10 4 2 6694 1 -2
25 4 1 1 3691 1 -2
26 21 3 1 2377 0 -2
33 25 3 1 2313 1 -2
42 2 2 4 17665 0 -2
28 1 3 1 2596 0 -2
50 1 4 2 4728 1 -2
33 7 3 2 4302 0 -2
34 3 4 1 2979 0 -2
48 1 4 4 16885 0 -2
45 9 4 2 5593 0 -2
52 7 4 3 10445 0 -2
38 10 4 3 8740 1 -2
29 28 4 1 2514 0 -2
28 3 3 3 7655 0 -2
46 3 1 4 17465 0 -2
38 2 2 3 7351 0 -2
43 27 3 3 10820 0 -2
39 2 3 4 12169 0 -2
40 14 3 5 19626 0 -2
21 1 1 1 2070 1 -2
39 9 3 2 6782 0 -2
36 18 4 2 7779 0 -2
31 20 3 1 2791 0 -2
28 2 1 1 3201 0 -2
35 11 2 2 4968 0 -2
49 8 4 4 13120 0 -2
34 2 2 2 4033 0 -2
29 10 3 1 3291 0 -2
42 29 3 2 4272 0 -2
29 8 1 2 5056 1 -2
38 1 3 1 2844 0 -2
28 6 3 1 2703 1 -2
18 8 1 1 1904 0 -2
33 9 4 2 8224 1 -2
41 12 4 1 4766 1 -2
31 15 3 1 2610 0 -2
37 25 2 2 5731 0 -2
27 6 3 1 2539 0 -2
34 9 1 2 5714 0 -2
35 8 4 1 4323 0 -2
29 23 1 3 7336 0 -2
40 9 4 3 13499 0 -2
42 12 3 4 13758 1 -2
42 4 4 2 5155 0 -2
35 1 4 1 2258 0 -2
24 24 3 1 3597 0 -2
28 12 1 1 2515 1 -2
26 3 4 1 4420 0 -2
30 10 3 2 6578 0 -2
40 26 2 2 4422 1 -2
35 2 3 3 10274 0 -2
34 1 3 2 5343 0 -2
35 4 4 1 2376 0 -2
43 9 3 2 5346 0 -2
32 2 1 1 2827 0 -2
56 4 4 5 19943 0 -2
29 6 1 1 3131 0 -2
19 9 2 1 2552 0 -2
45 7 3 1 4477 1 -2
37 1 3 2 6474 0 -2
20 3 3 1 3033 0 -2
44 10 4 1 2936 1 -2
53 7 2 5 18606 0 -2
29 15 1 1 2168 1 -2
22 3 4 1 2853 1 -2
46 2 3 4 17048 0 -2
44 17 3 1 2290 0 -2
33 2 3 1 3600 0 -2
41 5 2 1 2107 0 -2
30 29 4 2 4115 0 -2
40 2 4 2 4327 0 -2
50 2 3 4 17856 0 -2
28 19 4 1 3196 0 -2
46 15 2 5 19081 0 -2
35 17 4 2 8966 1 -2
24 17 2 1 2210 0 -2
33 25 3 2 4539 0 -2
36 6 4 1 2741 0 -2
30 7 4 2 3491 0 -2
44 29 4 2 4541 0 -2
20 21 3 1 2678 0 -2
46 2 4 2 7379 0 -2
42 2 5 2 6272 0 -2
60 7 4 2 5220 1 -2
32 13 3 1 2743 0 -2
32 2 2 2 4998 1 -2
36 1 3 3 10252 1 -2
33 9 3 1 2781 0 -2
40 10 3 2 6852 0 -2
25 10 4 2 4950 0 -2
30 1 3 1 3579 1 -2
42 26 5 3 13191 1 -2
35 8 2 3 10377 1 -2
27 14 3 1 2235 1 -2
54 1 4 3 10502 0 -2
44 2 1 1 2011 0 -2
19 10 3 1 1859 1 -2
29 1 3 1 3760 0 -2
54 3 3 4 17779 0 -2
31 11 2 2 6833 1 -2
31 24 3 2 6812 0 -2
59 3 3 2 5171 0 -2
43 3 3 5 19740 0 -2
49 4 2 5 18711 0 -2
36 3 3 1 3692 0 -2
48 2 2 1 2559 0 -2
27 4 2 1 2517 0 -2
29 7 3 2 6623 1 -2
48 1 3 5 18265 0 -2
29 1 3 4 16124 0 -2
34 20 3 1 2585 0 -2
44 5 3 5 18213 0 -2
33 10 5 3 8380 1 -2
19 25 3 1 2994 1 -2
23 1 2 1 1223 0 -2
25 24 1 1 1118 1 -2
26 4 2 1 2875 1 -2
45 2 3 5 18824 1 -2
55 8 1 4 13577 1 -2
21 10 2 1 2625 0 -2
46 4 2 5 18789 0 -2
34 2 3 2 4538 1 -2
51 9 3 5 19847 1 -2
59 18 4 3 10512 0 -2
34 19 3 2 4444 0 -2
28 1 4 1 2154 1 -2
44 4 2 5 19190 0 -2
34 11 3 2 4490 0 -2
35 6 1 1 3506 1 -2
42 7 4 2 2372 1 -2
43 4 4 3 10231 0 -2
36 2 4 2 5410 1 -2
44 15 3 3 7978 0 -2
28 2 3 1 3867 1 -2
51 6 2 1 2838 0 -2
30 9 2 2 4695 1 -2
29 7 3 1 3339 1 -2
28 1 3 1 2080 0 -2
25 1 3 1 2096 0 -2
32 8 3 2 6209 0 -2
45 25 3 5 18061 0 -2
39 13 4 4 17123 1 -2
58 23 4 1 2372 0 -2
32 7 2 2 4883 0 -2
39 23 3 1 3904 0 -2
30 6 3 2 4627 0 -2
36 10 4 3 7094 0 -2
46 1 2 1 3423 0 -2
28 1 3 2 6674 0 -2
50 28 3 4 16880 1 -2
40 25 4 3 9094 1 -2
52 5 3 3 8446 1 -2
30 17 4 3 11916 1 -2
39 18 2 2 4534 0 -2
31 2 4 3 9852 1 -2
41 10 2 2 6151 0 -2
31 1 3 1 2302 1 -2
44 3 3 1 2362 0 -2
42 2 1 4 17861 1 -2
55 2 2 5 19187 0 -2
56 8 4 5 19717 0 -2
40 16 2 1 3544 0 -2
34 9 3 3 8500 0 -2
40 2 3 2 4661 0 -2
41 1 3 2 4103 0 -2
35 4 4 2 4249 1 -2
51 5 3 4 14026 1 -2
38 2 2 2 6893 0 -2
34 15 2 2 6125 0 -2
25 19 1 1 3669 0 -2
58 7 4 3 10008 1 -2
40 1 4 1 2387 0 -2
36 7 3 2 4639 0 -2
48 4 3 3 7898 0 -2
27 11 3 1 2534 0 -2
51 11 2 4 13142 0 -2
18 1 3 1 1611 0 -2
35 1 3 2 5363 0 -2
27 2 1 2 5071 0 -2
55 13 4 4 13695 1 -2
56 23 3 4 13402 1 -2
34 26 1 1 2029 0 -2
40 2 1 2 6377 0 -2
34 29 3 2 5429 0 -2
31 2 3 1 2785 0 -2
35 18 4 2 4614 1 -2
38 7 3 1 2610 0 -2
34 2 4 2 6687 0 -2
28 26 3 2 4724 0 -2
31 22 4 2 6179 1 -2
39 21 4 2 6120 1 -2
51 2 3 3 10596 0 -2
41 22 3 2 5467 1 -2
37 4 1 1 2996 1 -2
33 5 1 2 9998 0 -2
32 2 1 2 4078 1 -2
39 25 2 3 10920 0 -2
25 18 1 2 6232 0 -2
52 28 2 4 13247 1 -2
43 6 3 2 4081 1 -2
27 10 3 2 5769 1 -2
27 17 4 1 2394 1 -2
26 2 1 1 3904 0 -2
42 10 3 4 16799 0 -2
52 8 4 1 2950 0 -2
37 11 3 1 3629 0 -2
35 18 2 3 9362 0 -2
25 1 3 1 3229 0 -2
26 7 3 1 3578 0 -2
29 17 3 3 7988 0 -2
49 28 2 2 4284 0 -2
29 14 1 3 7553 1 -2
54 1 3 4 17328 0 -2
58 1 3 5 19701 1 -2
55 1 4 4 14732 0 -2
36 3 4 2 9278 1 -2
31 1 4 1 1359 0 -2
30 7 4 2 4779 0 -2
31 8 5 4 16422 0 -2
34 1 4 1 2996 0 -2
31 8 3 1 1261 0 -2
27 11 1 1 2099 0 -2
36 4 4 2 5810 0 -2
36 16 4 2 5647 0 -2
47 1 3 1 3420 0 -2
25 9 2 1 4400 0 -2
37 5 2 1 3500 0 -2
56 1 2 1 2066 0 -2
47 2 4 4 17169 0 -2
24 4 1 2 4162 1 -2
32 7 5 2 9204 0 -2
34 1 3 1 3294 0 -2
41 5 5 1 2127 1 -2
40 9 4 2 3975 0 -2
31 8 2 3 10793 0 -2
46 9 3 3 10096 0 -2
39 2 3 1 3646 1 -2
31 1 5 3 7446 0 -2
45 20 3 3 10851 1 -2
31 8 2 1 2109 0 -2
31 2 3 1 3722 1 -2
45 29 3 3 9380 1 -2
48 7 3 2 5486 0 -2
34 9 4 1 2742 0 -2
40 8 1 3 13757 0 -2
28 5 3 2 8463 0 -2
44 5 3 1 3162 0 -2
53 2 3 4 16598 0 -2
49 5 4 2 6651 0 -2
40 2 3 1 2345 0 -2
44 20 3 1 3420 0 -2
33 7 3 2 4373 0 -2
34 3 3 2 4759 0 -2
30 16 1 2 5301 0 -2
42 9 2 1 3673 0 -2
44 1 5 2 4768 0 -2
30 7 3 1 1274 0 -2
57 1 2 2 4900 0 -2
49 7 4 3 10466 0 -2
34 15 3 4 17007 0 -2
28 1 3 1 2909 0 -2
29 13 3 2 5765 0 -2
34 24 4 2 4599 1 -2
35 7 1 1 2404 0 -2
24 9 3 1 3172 1 -2
24 13 2 1 2033 0 -2
44 2 1 3 10209 1 -2
29 19 3 2 8620 0 -2
30 1 3 1 2064 0 -2
55 4 4 2 4035 1 -2
33 4 4 1 3838 0 -2
47 14 3 2 4591 1 -2
28 2 2 1 2561 0 -2
28 1 3 1 1563 0 -2
28 7 3 2 4898 0 -2
49 3 2 2 4789 0 -2
29 2 1 1 3180 0 -2
28 29 1 2 6549 0 -2
33 8 5 2 6388 1 -2
32 10 3 3 11244 0 -2
54 11 4 4 16032 0 -2
29 1 4 1 2362 0 -2
44 28 3 4 16328 0 -2
39 6 3 3 8376 0 -2
46 3 3 4 16606 0 -2
35 16 3 3 8606 0 -2
23 20 1 2 2272 0 -2
40 9 4 1 2018 0 -2
34 1 3 3 7083 1 -2
31 3 3 1 4084 0 -2
50 22 5 4 14411 1 -2
34 7 2 1 2308 1 -2
42 2 3 1 4841 0 -2
37 13 3 2 4285 0 -2
29 8 1 2 9715 0 -2
33 25 3 2 4320 0 -2
45 28 3 1 2132 0 -2
42 2 3 3 10124 1 -2
40 9 2 2 5473 0 -2
33 28 4 2 5207 1 -2
40 6 2 4 16437 1 -2
24 21 2 1 2296 0 -2
40 8 2 2 4069 1 -2
45 1 4 3 7441 0 -2
35 28 4 1 2430 0 -2
32 5 2 2 5878 0 -2
36 2 4 1 2644 1 -2
48 16 4 2 6439 0 -2
29 9 3 1 2451 0 -2
33 8 4 2 6392 0 -2
30 1 3 2 9714 0 -2
38 10 4 2 6077 0 -2
35 1 3 1 2450 0 -2
30 29 4 3 9250 0 -2
35 2 3 1 2074 1 -2
53 2 5 3 10169 0 -2
38 2 3 2 4855 0 -2
32 1 4 2 4087 0 -2
48 15 4 1 2367 0 -2
34 7 4 1 2972 0 -2
55 26 5 5 19586 0 -2
34 1 4 2 5484 0 -2
26 3 3 1 2061 0 -2
38 14 3 2 9924 0 -2
38 16 3 2 4198 0 -2
36 1 4 2 6815 0 -2
29 3 1 1 4723 1 -2
35 10 4 2 6142 1 -2
39 6 3 3 8237 0 -2
29 2 1 2 8853 0 -2
50 9 3 5 19331 1 -2
23 10 3 1 2073 0 -2
36 6 4 2 5562 1 -2
42 9 2 5 19613 0 -2
35 28 3 2 3407 0 -2
34 10 4 2 5063 0 -2
40 14 2 2 4639 0 -2
43 27 3 1 4876 0 -2
35 7 2 1 2690 0 -2
46 1 4 4 17567 0 -2
28 24 3 1 2408 1 -2
22 26 2 1 2814 1 -2
50 20 5 4 11245 1 -2
32 5 4 1 3312 0 -2
44 7 3 5 19049 1 -2
30 7 3 1 2141 0 -2
45 5 5 2 5769 1 -2
45 26 3 2 4385 0 -2
31 2 4 2 5332 0 -2
36 12 4 2 4663 1 -2
34 10 4 2 4724 0 -2
49 25 4 1 3211 0 -2
39 10 5 2 5377 0 -2
27 19 3 1 4066 0 -2
35 18 5 2 5208 0 -2
28 27 3 2 4877 0 -2
21 5 1 1 3117 0 -2
18 3 2 1 1569 1 -2
47 26 4 5 19658 0 -2
39 3 2 2 3069 0 -2
40 15 3 3 10435 0 -2
35 8 4 2 4148 0 -2
37 19 3 2 5768 0 -2
39 4 3 2 5042 0 -2
45 2 2 2 5770 0 -2
38 2 2 3 7756 1 -2
35 10 3 3 10306 0 -2
37 10 3 1 3936 0 -2
40 16 3 3 7945 1 -2
44 1 5 2 5743 1 -2
48 4 5 4 15202 0 -2
35 15 2 2 5440 1 -2
24 2 1 1 3760 1 -2
27 8 3 1 3517 0 -2
27 2 3 1 2580 0 -2
40 7 3 1 2166 1 -2
29 10 3 2 5869 0 -2
36 5 4 3 8008 0 -2
25 2 1 2 5206 0 -2
39 12 3 2 5295 0 -2
49 22 4 4 16413 0 -2
50 17 5 3 13269 0 -2
20 2 3 1 2783 0 -2
34 3 3 2 5433 0 -2
36 7 3 1 2013 0 -2
49 6 1 4 13966 1 -2
36 1 4 2 4374 0 -2
36 3 2 2 6842 0 -2
54 22 5 4 17426 0 -2
43 15 2 4 17603 0 -2
35 12 4 2 4581 1 -2
38 1 3 2 4735 0 -2
29 5 3 2 4187 1 -2
33 2 4 2 5505 0 -2
32 2 3 2 5470 0 -2
31 5 4 2 5476 0 -2
49 16 3 1 2587 1 -2
38 2 3 1 2440 0 -2
47 2 4 4 15972 0 -2
49 1 3 4 15379 0 -2
41 23 2 3 7082 1 -2
20 9 1 1 2728 0 -2
33 16 3 2 5368 1 -2
36 26 4 2 5347 0 -2
44 1 3 1 3195 1 -2
23 8 1 1 3989 1 -2
38 4 2 1 3306 0 -2
53 24 4 3 7005 0 -2
48 7 2 1 2655 1 -2
32 2 4 1 1393 0 -2
26 7 3 1 2570 0 -2
55 22 3 1 3537 0 -2
34 5 2 2 3986 0 -2
60 1 4 3 10883 0 -2
33 21 3 1 2028 0 -2
37 1 4 2 9525 0 -2
34 19 3 1 2929 0 -2
23 7 3 1 2275 1 -2
44 2 3 3 7879 1 -2
35 2 4 1 4930 1 -2
43 2 3 2 7847 1 -2
24 9 3 1 4401 0 -2
41 6 3 3 9241 0 -2
29 9 4 1 2974 0 -2
36 2 4 2 4502 0 -2
45 1 1 3 10748 0 -2
24 22 1 1 1555 0 -2
47 9 3 4 12936 0 -2
26 17 4 1 2305 0 -2
45 28 2 4 16704 0 -2
32 10 3 1 3433 0 -2
31 2 4 1 3477 0 -2
41 4 3 2 6430 0 -2
40 8 2 2 6516 1 -2
24 29 1 1 3907 0 -2
46 13 4 2 5562 0 -2
35 27 4 2 6883 0 -2
30 16 1 1 2862 0 -2
47 2 4 2 4978 0 -2
46 2 3 3 10368 1 -2
36 13 5 2 6134 1 -2
32 1 2 2 6735 0 -2
23 4 1 1 3295 0 -2
31 24 1 2 5238 0 -2
39 1 3 2 6472 1 -2
32 19 3 3 9610 0 -2
40 7 4 5 19833 0 -2
45 4 3 3 9756 0 -2
30 2 4 1 4968 0 -2
24 10 3 1 2145 0 -2
30 8 3 1 2180 0 -2
31 5 3 2 8346 0 -2
27 8 3 1 3445 0 -2
29 9 3 1 2760 0 -2
29 1 3 2 6294 1 -2
30 15 2 3 7140 0 -2
34 2 4 1 2932 1 -2
33 2 3 2 5147 0 -2
49 11 4 2 4507 0 -2
33 16 3 3 8564 1 -2
38 2 2 1 2468 0 -2
31 16 4 3 8161 0 -2
29 4 3 1 2109 0 -2
30 16 3 2 5294 0 -2
32 5 4 1 2718 0 -2
38 18 3 2 5811 1 -2
43 17 3 1 2437 1 -2
42 12 3 1 2766 0 -2
55 2 3 5 19038 0 -2
33 4 3 2 3055 0 -2
41 9 4 1 2289 0 -2
34 10 3 2 4001 1 -2
53 1 4 4 12965 1 -2
43 2 3 1 3539 0 -2
34 3 2 2 6029 0 -2
21 7 1 1 2679 0 -2
38 6 2 1 3702 0 -2
22 8 1 1 2398 1 -2
31 29 4 2 5468 0 -2
51 3 3 3 13116 0 -2
37 9 2 2 4189 0 -2
46 2 4 5 19328 1 -2
36 10 3 3 8321 1 -2
44 1 2 1 2342 1 -2
37 8 2 2 4071 0 -2
35 27 3 2 5813 1 -2
33 8 4 1 3143 0 -2
28 1 3 1 2044 0 -2
39 10 1 3 13464 0 -2
46 26 2 2 7991 0 -2
40 2 2 1 3377 0 -2
42 13 3 2 5538 0 -2
35 2 2 2 5762 0 -2
38 2 3 1 2592 0 -2
34 9 4 2 5346 0 -2
37 10 4 2 4213 0 -2
39 20 3 2 4127 0 -2
43 9 3 1 2438 0 -2
41 5 3 2 6870 0 -2
41 4 1 3 10447 1 -2
30 10 3 3 9667 0 -2
26 20 2 1 2148 1 -2
46 21 2 2 8926 0 -2
40 1 3 2 6513 0 -2
34 8 2 2 6799 0 -2
58 2 3 4 16291 0 -2
35 23 4 1 2705 0 -2
47 4 3 3 10333 1 -2
40 12 3 2 4448 0 -2
54 7 4 2 6854 0 -2
31 7 4 3 9637 0 -2
28 1 3 1 3591 0 -2
38 2 4 2 5405 1 -2
26 10 3 2 4684 0 -2
58 15 4 4 15787 1 -2
18 14 3 1 1514 0 -2
31 18 5 1 2956 0 -2
29 13 3 1 2335 1 -2
45 2 4 2 5154 0 -2
36 2 4 2 6962 1 -2
43 2 4 2 5675 0 -2
27 5 2 1 2379 1 -2
29 20 1 1 3812 0 -2
32 10 4 2 4648 0 -2
42 10 4 1 2936 0 -2
47 9 4 1 2105 0 -2
46 2 2 3 8578 0 -2
28 1 2 1 2706 0 -2
29 29 1 2 6384 0 -2
42 8 3 1 3968 0 -2
32 2 4 2 9907 1 -2
46 3 3 4 13225 0 -2
27 23 1 2 3540 0 -2
29 6 1 1 2804 0 -2
43 6 3 5 19392 0 -2
48 10 3 5 19665 0 -2
29 24 2 1 2439 1 -2
46 10 3 3 7314 0 -2
27 15 3 1 4774 0 -2
39 19 4 2 3902 0 -2
55 2 4 1 2662 0 -2
28 3 3 1 2856 0 -2
30 9 3 1 1081 0 -2
22 7 1 1 2472 1 -2
36 10 4 2 5673 1 -2
31 20 3 2 4197 0 -2
34 4 3 3 9713 1 -2
29 7 3 1 2062 0 -2
37 7 4 2 4284 1 -2
35 16 2 2 4788 1 -2
45 25 2 2 5906 0 -2
36 2 1 2 3886 0 -2
40 1 4 4 16823 0 -2
26 1 2 1 2933 1 -2
27 2 2 2 6500 0 -2
48 22 3 4 17174 0 -2
44 1 4 2 5033 0 -2
34 16 4 1 2307 1 -2
56 24 2 1 2587 0 -2
36 17 2 2 5507 0 -2
41 8 3 2 4393 0 -2
42 6 3 3 13348 0 -2
31 10 2 2 6583 1 -2
34 3 1 2 8103 1 -2
31 4 3 1 3978 0 -2
26 6 3 1 2544 0 -2
45 1 4 2 5399 0 -2
33 10 4 2 5487 0 -2
28 1 2 2 6834 1 -2
29 24 3 1 1091 0 -2
39 21 4 2 5736 0 -2
27 2 4 1 2226 0 -2
34 22 4 2 5747 1 -2
28 13 2 2 9854 1 -2
47 14 4 2 5467 0 -2
56 11 5 2 5380 0 -2
39 9 2 2 5151 0 -2
38 8 3 2 2133 1 -2
58 21 3 4 17875 1 -2
32 5 2 1 2432 1 -2
38 9 2 1 4771 0 -2
49 2 1 5 19161 0 -2
42 12 4 2 5087 1 -2
27 22 3 1 2863 0 -2
35 18 4 2 5561 0 -2
28 16 3 1 2144 0 -2
31 3 2 1 3065 1 -2
36 9 4 1 2810 0 -2
34 1 3 3 9888 0 -2
34 13 4 3 8628 0 -2
26 1 3 1 2867 0 -2
29 1 3 2 5373 0 -2
32 15 4 2 6667 0 -2
31 1 3 2 5003 0 -2
28 17 3 1 2367 0 -2
38 1 3 1 2858 0 -2
35 7 4 2 5204 1 -2
27 9 3 2 4105 0 -2
32 5 4 2 9679 0 -2
31 26 4 2 5617 1 -2
53 24 4 3 10448 1 -2
54 9 2 2 2897 0 -2
33 7 2 2 5968 0 -2
43 11 3 3 7510 0 -2
38 1 4 1 2991 1 -2
55 26 4 5 19636 1 -2
31 2 1 1 1129 1 -2
39 15 4 4 13341 0 -2
42 23 2 2 4332 0 -2
31 10 3 3 11031 0 -2
54 10 3 2 4440 1 -2
24 1 2 2 4617 0 -2
23 12 2 1 2647 0 -2
40 11 3 2 6323 0 -2
40 2 2 2 5677 0 -2
25 2 3 1 2187 0 -2
30 1 2 1 3748 0 -2
25 2 1 1 3977 1 -2
47 25 3 3 8633 0 -2
33 1 2 1 2008 0 -2
38 1 4 2 4440 0 -2
31 2 2 1 3067 0 -2
38 6 4 2 5321 0 -2
42 18 4 2 5410 1 -2
41 1 3 1 2782 0 -2
47 1 1 3 11957 0 -2
35 11 4 1 2660 1 -2
22 1 2 1 3375 0 -2
35 9 4 2 5098 0 -2
33 15 2 2 4878 1 -2
32 29 4 1 2837 0 -2
40 1 4 1 2406 0 -2
32 1 4 1 2269 0 -2
39 24 1 2 4108 0 -2
38 10 3 3 13206 0 -2
32 1 4 3 10422 0 -2
37 10 3 3 13744 1 -2
25 8 2 2 4907 1 -2
52 29 4 1 3482 0 -2
44 1 3 1 2436 1 -2
21 5 1 1 2380 1 -2
39 9 3 5 19431 0 -2
23 9 3 1 1790 0 -2
36 3 3 3 7644 0 -2
36 4 2 2 5131 0 -2
56 1 4 2 6306 0 -2
29 1 4 1 4787 1 -2
42 2 3 5 18880 0 -2
56 7 2 1 2339 0 -2
41 28 4 4 13570 0 -2
34 28 3 2 6712 0 -2
36 15 4 2 5406 0 -2
41 3 3 2 8938 0 -2
32 2 3 1 2439 0 -2
35 26 4 3 8837 1 -2
38 10 2 2 5343 0 -2
50 1 4 2 6728 0 -2
36 11 4 2 6652 0 -2
45 20 3 2 4850 0 -2
40 2 4 1 2809 0 -2
35 18 4 2 5689 1 -2
40 2 4 1 2001 0 -2
35 1 4 1 2977 0 -2
29 13 2 2 4025 1 -2
29 28 4 1 3785 0 -2
50 28 3 3 10854 1 -2
39 24 1 4 12031 0 -2
31 5 3 2 9936 0 -2
26 5 3 1 2966 0 -2
36 23 2 2 2571 0 -2
39 6 1 3 9991 0 -2
27 4 3 2 6142 1 -2
49 2 3 2 5390 0 -2
34 8 3 2 4404 0 -2
