1 -1 6 -1 2 -1 1102 -2
0 -1 10 -1 3 -1 279 -2
1 -1 0 -1 4 -1 1373 -2
0 -1 8 -1 4 -1 1392 -2
0 -1 2 -1 1 -1 591 -2
0 -1 7 -1 4 -1 1005 -2
0 -1 1 -1 3 -1 1324 -2
0 -1 1 -1 4 -1 1358 -2
0 -1 9 -1 4 -1 216 -2
0 -1 7 -1 3 -1 1299 -2
0 -1 5 -1 1 -1 809 -2
0 -1 9 -1 4 -1 153 -2
0 -1 5 -1 1 -1 670 -2
0 -1 2 -1 2 -1 1346 -2
1 -1 4 -1 3 -1 103 -2
0 -1 10 -1 2 -1 1389 -2
0 -1 6 -1 1 -1 334 -2
0 -1 1 -1 4 -1 1123 -2
0 -1 25 -1 1 -1 1219 -2
0 -1 3 -1 4 -1 371 -2
0 -1 4 -1 1 -1 673 -2
1 -1 5 -1 3 -1 1218 -2
0 -1 12 -1 1 -1 419 -2
0 -1 0 -1 3 -1 391 -2
1 -1 4 -1 2 -1 699 -2
0 -1 14 -1 3 -1 1282 -2
1 -1 10 -1 2 -1 1125 -2
0 -1 9 -1 3 -1 691 -2
0 -1 22 -1 1 -1 477 -2
0 -1 2 -1 2 -1 705 -2
0 -1 1 -1 3 -1 924 -2
0 -1 4 -1 4 -1 1459 -2
0 -1 10 -1 4 -1 125 -2
1 -1 1 -1 4 -1 895 -2
1 -1 2 -1 2 -1 813 -2
0 -1 5 -1 4 -1 1273 -2
1 -1 3 -1 1 -1 869 -2
0 -1 2 -1 4 -1 890 -2
0 -1 1 -1 2 -1 852 -2
0 -1 5 -1 3 -1 1141 -2
0 -1 1 -1 3 -1 464 -2
0 -1 1 -1 4 -1 1240 -2
1 -1 1 -1 1 -1 1357 -2
0 -1 9 -1 4 -1 994 -2
0 -1 12 -1 3 -1 721 -2
1 -1 22 -1 2 -1 1360 -2
0 -1 9 -1 2 -1 1065 -2
0 -1 1 -1 2 -1 408 -2
0 -1 9 -1 1 -1 1211 -2
0 -1 1 -1 4 -1 1229 -2
1 -1 1 -1 1 -1 626 -2
1 -1 2 -1 3 -1 1434 -2
0 -1 4 -1 2 -1 1488 -2
0 -1 4 -1 3 -1 1097 -2
0 -1 2 -1 3 -1 1443 -2
0 -1 15 -1 1 -1 515 -2
0 -1 9 -1 2 -1 853 -2
0 -1 2 -1 3 -1 1142 -2
0 -1 7 -1 4 -1 655 -2
0 -1 7 -1 1 -1 1115 -2
0 -1 9 -1 1 -1 427 -2
0 -1 10 -1 4 -1 653 -2
0 -1 27 -1 2 -1 989 -2
0 -1 21 -1 1 -1 1435 -2
0 -1 17 -1 3 -1 1223 -2
0 -1 5 -1 4 -1 836 -2
0 -1 6 -1 2 -1 1195 -2
0 -1 1 -1 2 -1 1339 -2
0 -1 3 -1 2 -1 664 -2
1 -1 1 -1 4 -1 318 -2
0 -1 4 -1 1 -1 1225 -2
0 -1 5 -1 3 -1 1328 -2
0 -1 1 -1 3 -1 1082 -2
0 -1 10 -1 2 -1 548 -2
0 -1 1 -1 2 -1 132 -2
0 -1 11 -1 3 -1 746 -2
0 -1 15 -1 3 -1 776 -2
0 -1 0 -1 4 -1 193 -2
0 -1 5 -1 1 -1 397 -2
0 -1 4 -1 2 -1 945 -2
0 -1 10 -1 4 -1 852 -2
0 -1 6 -1 2 -1 1214 -2
0 -1 1 -1 1 -1 111 -2
0 -1 13 -1 2 -1 573 -2
0 -1 5 -1 1 -1 1153 -2
0 -1 6 -1 4 -1 1400 -2
0 -1 0 -1 3 -1 541 -2
0 -1 4 -1 4 -1 432 -2
0 -1 11 -1 3 -1 288 -2
1 -1 9 -1 3 -1 669 -2
0 -1 22 -1 3 -1 530 -2
0 -1 10 -1 3 -1 632 -2
0 -1 11 -1 3 -1 1334 -2
0 -1 10 -1 3 -1 638 -2
0 -1 11 -1 2 -1 1093 -2
0 -1 4 -1 1 -1 1217 -2
0 -1 3 -1 1 -1 1353 -2
0 -1 5 -1 2 -1 120 -2
0 -1 37 -1 4 -1 682 -2
0 -1 3 -1 2 -1 489 -2
1 -1 3 -1 3 -1 807 -2
0 -1 1 -1 4 -1 827 -2
1 -1 1 -1 4 -1 871 -2
0 -1 16 -1 1 -1 665 -2
0 -1 1 -1 3 -1 1040 -2
0 -1 3 -1 3 -1 1420 -2
0 -1 8 -1 1 -1 1115 -2
1 -1 6 -1 3 -1 240 -2
0 -1 2 -1 4 -1 1280 -2
0 -1 0 -1 2 -1 534 -2
0 -1 13 -1 1 -1 1456 -2
1 -1 9 -1 1 -1 658 -2
0 -1 5 -1 4 -1 142 -2
0 -1 5 -1 2 -1 1127 -2
0 -1 1 -1 3 -1 1031 -2
0 -1 5 -1 3 -1 1189 -2
0 -1 11 -1 3 -1 1354 -2
0 -1 9 -1 2 -1 1467 -2
0 -1 1 -1 1 -1 922 -2
0 -1 25 -1 3 -1 394 -2
0 -1 10 -1 1 -1 1312 -2
0 -1 7 -1 3 -1 750 -2
1 -1 5 -1 2 -1 441 -2
0 -1 20 -1 1 -1 684 -2
1 -1 7 -1 2 -1 249 -2
0 -1 5 -1 3 -1 841 -2
1 -1 40 -1 4 -1 147 -2
1 -1 0 -1 4 -1 528 -2
0 -1 2 -1 3 -1 594 -2
0 -1 15 -1 3 -1 470 -2
0 -1 3 -1 2 -1 957 -2
0 -1 2 -1 3 -1 809 -2
1 -1 2 -1 2 -1 542 -2
0 -1 9 -1 3 -1 802 -2
0 -1 8 -1 3 -1 1355 -2
0 -1 3 -1 2 -1 216 -2
1 -1 4 -1 1 -1 1150 -2
0 -1 15 -1 4 -1 1329 -2
0 -1 2 -1 1 -1 959 -2
0 -1 11 -1 3 -1 1240 -2
1 -1 5 -1 1 -1 1033 -2
0 -1 6 -1 3 -1 1316 -2
0 -1 3 -1 4 -1 364 -2
0 -1 5 -1 1 -1 438 -2
0 -1 8 -1 4 -1 689 -2
0 -1 3 -1 4 -1 201 -2
0 -1 5 -1 2 -1 1427 -2
0 -1 7 -1 4 -1 857 -2
0 -1 5 -1 3 -1 933 -2
0 -1 1 -1 2 -1 1181 -2
0 -1 20 -1 2 -1 1395 -2
0 -1 10 -1 3 -1 662 -2
0 -1 7 -1 2 -1 1436 -2
0 -1 17 -1 2 -1 194 -2
0 -1 9 -1 2 -1 967 -2
0 -1 10 -1 4 -1 1496 -2
0 -1 1 -1 2 -1 1169 -2
0 -1 1 -1 2 -1 1145 -2
0 -1 12 -1 3 -1 630 -2
0 -1 4 -1 3 -1 303 -2
0 -1 2 -1 3 -1 1256 -2
0 -1 2 -1 4 -1 691 -2
0 -1 5 -1 3 -1 440 -2
0 -1 5 -1 3 -1 334 -2
0 -1 1 -1 3 -1 1450 -2
0 -1 5 -1 3 -1 1452 -2
0 -1 9 -1 1 -1 465 -2
0 -1 10 -1 2 -1 1339 -2
0 -1 8 -1 1 -1 702 -2
0 -1 5 -1 3 -1 120 -2
0 -1 5 -1 3 -1 1157 -2
1 -1 0 -1 3 -1 602 -2
0 -1 8 -1 4 -1 1480 -2
0 -1 12 -1 3 -1 111 -2
0 -1 5 -1 3 -1 1268 -2
0 -1 2 -1 3 -1 713 -2
0 -1 3 -1 3 -1 134 -2
1 -1 1 -1 2 -1 303 -2
0 -1 24 -1 2 -1 526 -2
0 -1 2 -1 3 -1 1380 -2
0 -1 4 -1 3 -1 140 -2
0 -1 3 -1 4 -1 629 -2
1 -1 4 -1 2 -1 1356 -2
0 -1 3 -1 3 -1 328 -2
0 -1 4 -1 4 -1 1084 -2
0 -1 8 -1 4 -1 931 -2
0 -1 20 -1 4 -1 989 -2
0 -1 24 -1 3 -1 692 -2
0 -1 10 -1 4 -1 1069 -2
0 -1 7 -1 4 -1 313 -2
0 -1 33 -1 3 -1 699 -2
0 -1 7 -1 4 -1 894 -2
1 -1 1 -1 2 -1 556 -2
0 -1 5 -1 4 -1 1344 -2
0 -1 20 -1 1 -1 1195 -2
0 -1 8 -1 2 -1 290 -2
0 -1 6 -1 2 -1 138 -2
0 -1 5 -1 3 -1 926 -2
0 -1 1 -1 4 -1 1261 -2
0 -1 7 -1 4 -1 1084 -2
0 -1 2 -1 3 -1 472 -2
0 -1 7 -1 4 -1 1002 -2
0 -1 5 -1 4 -1 878 -2
0 -1 7 -1 3 -1 905 -2
1 -1 1 -1 2 -1 1180 -2
1 -1 10 -1 2 -1 121 -2
0 -1 4 -1 4 -1 1136 -2
0 -1 8 -1 2 -1 635 -2
0 -1 3 -1 4 -1 1151 -2
0 -1 4 -1 4 -1 644 -2
1 -1 14 -1 4 -1 1045 -2
0 -1 11 -1 3 -1 829 -2
0 -1 7 -1 4 -1 1242 -2
0 -1 10 -1 2 -1 1469 -2
1 -1 5 -1 4 -1 1005 -2
0 -1 1 -1 4 -1 896 -2
1 -1 6 -1 3 -1 334 -2
1 -1 6 -1 3 -1 992 -2
0 -1 19 -1 4 -1 1052 -2
0 -1 6 -1 4 -1 1147 -2
0 -1 13 -1 4 -1 1396 -2
0 -1 3 -1 3 -1 147 -2
0 -1 10 -1 2 -1 663 -2
0 -1 16 -1 1 -1 119 -2
0 -1 5 -1 3 -1 979 -2
0 -1 1 -1 3 -1 142 -2
0 -1 9 -1 1 -1 319 -2
0 -1 11 -1 2 -1 1413 -2
0 -1 10 -1 3 -1 944 -2
1 -1 4 -1 3 -1 896 -2
0 -1 2 -1 3 -1 1323 -2
0 -1 22 -1 3 -1 532 -2
0 -1 2 -1 2 -1 818 -2
0 -1 7 -1 4 -1 854 -2
1 -1 5 -1 3 -1 813 -2
0 -1 17 -1 4 -1 1034 -2
1 -1 9 -1 1 -1 465 -2
0 -1 33 -1 1 -1 771 -2
0 -1 4 -1 3 -1 1401 -2
1 -1 3 -1 4 -1 515 -2
0 -1 3 -1 3 -1 1431 -2
0 -1 3 -1 3 -1 976 -2
0 -1 1 -1 3 -1 1411 -2
0 -1 9 -1 1 -1 1300 -2
0 -1 24 -1 3 -1 252 -2
0 -1 2 -1 2 -1 1327 -2
0 -1 2 -1 3 -1 832 -2
0 -1 11 -1 4 -1 470 -2
0 -1 3 -1 3 -1 1017 -2
0 -1 3 -1 1 -1 1199 -2
1 -1 1 -1 1 -1 504 -2
0 -1 19 -1 3 -1 505 -2
0 -1 6 -1 3 -1 665 -2
0 -1 3 -1 4 -1 916 -2
0 -1 3 -1 4 -1 1247 -2
0 -1 4 -1 1 -1 685 -2
0 -1 9 -1 4 -1 269 -2
0 -1 21 -1 1 -1 1416 -2
0 -1 1 -1 3 -1 833 -2
1 -1 5 -1 3 -1 307 -2
0 -1 5 -1 2 -1 1311 -2
0 -1 8 -1 4 -1 1327 -2
0 -1 6 -1 4 -1 128 -2
0 -1 7 -1 3 -1 488 -2
1 -1 0 -1 1 -1 529 -2
0 -1 0 -1 1 -1 1210 -2
0 -1 9 -1 2 -1 1463 -2
0 -1 6 -1 2 -1 675 -2
0 -1 20 -1 3 -1 1385 -2
0 -1 15 -1 4 -1 1403 -2
0 -1 36 -1 4 -1 452 -2
1 -1 10 -1 1 -1 666 -2
0 -1 5 -1 4 -1 1158 -2
0 -1 5 -1 3 -1 228 -2
0 -1 3 -1 4 -1 996 -2
0 -1 5 -1 1 -1 728 -2
0 -1 7 -1 2 -1 1315 -2
0 -1 8 -1 1 -1 322 -2
0 -1 6 -1 3 -1 1479 -2
0 -1 10 -1 1 -1 797 -2
0 -1 5 -1 3 -1 1070 -2
0 -1 20 -1 2 -1 635 -2
0 -1 10 -1 2 -1 442 -2
0 -1 10 -1 2 -1 147 -2
0 -1 5 -1 1 -1 496 -2
0 -1 17 -1 4 -1 1372 -2
1 -1 1 -1 4 -1 920 -2
0 -1 2 -1 4 -1 688 -2
1 -1 3 -1 1 -1 1449 -2
0 -1 5 -1 4 -1 1117 -2
0 -1 3 -1 3 -1 636 -2
0 -1 8 -1 3 -1 506 -2
0 -1 2 -1 4 -1 444 -2
1 -1 8 -1 4 -1 950 -2
0 -1 4 -1 2 -1 889 -2
0 -1 20 -1 3 -1 555 -2
1 -1 0 -1 3 -1 230 -2
0 -1 11 -1 3 -1 1232 -2
0 -1 1 -1 3 -1 566 -2
0 -1 4 -1 4 -1 1302 -2
0 -1 22 -1 4 -1 334 -2
0 -1 0 -1 4 -1 812 -2
0 -1 8 -1 2 -1 1476 -2
0 -1 8 -1 2 -1 218 -2
0 -1 18 -1 3 -1 1132 -2
0 -1 9 -1 2 -1 1105 -2
0 -1 13 -1 4 -1 906 -2
0 -1 10 -1 1 -1 849 -2
0 -1 5 -1 4 -1 390 -2
0 -1 5 -1 3 -1 691 -2
0 -1 2 -1 1 -1 106 -2
0 -1 24 -1 1 -1 1249 -2
0 -1 2 -1 3 -1 192 -2
0 -1 10 -1 4 -1 553 -2
0 -1 21 -1 3 -1 117 -2
0 -1 8 -1 3 -1 185 -2
0 -1 7 -1 3 -1 1091 -2
1 -1 8 -1 3 -1 723 -2
0 -1 4 -1 3 -1 1220 -2
0 -1 13 -1 3 -1 588 -2
0 -1 5 -1 4 -1 1377 -2
0 -1 7 -1 4 -1 691 -2
0 -1 7 -1 1 -1 1018 -2
1 -1 3 -1 1 -1 1157 -2
0 -1 10 -1 4 -1 1275 -2
0 -1 10 -1 3 -1 798 -2
0 -1 21 -1 3 -1 672 -2
1 -1 1 -1 4 -1 1162 -2
0 -1 7 -1 2 -1 508 -2
0 -1 3 -1 4 -1 1482 -2
0 -1 9 -1 3 -1 559 -2
0 -1 5 -1 3 -1 210 -2
0 -1 4 -1 4 -1 928 -2
0 -1 1 -1 3 -1 1001 -2
0 -1 10 -1 4 -1 549 -2
0 -1 4 -1 2 -1 1124 -2
1 -1 7 -1 2 -1 318 -2
0 -1 3 -1 2 -1 738 -2
0 -1 10 -1 4 -1 570 -2
0 -1 8 -1 2 -1 1130 -2
0 -1 6 -1 4 -1 1192 -2
0 -1 11 -1 3 -1 343 -2
0 -1 11 -1 3 -1 1232 -2
0 -1 7 -1 4 -1 144 -2
0 -1 16 -1 3 -1 1296 -2
0 -1 4 -1 3 -1 1309 -2
0 -1 5 -1 4 -1 483 -2
0 -1 0 -1 2 -1 1309 -2
0 -1 1 -1 1 -1 810 -2
0 -1 4 -1 4 -1 746 -2
0 -1 3 -1 3 -1 544 -2
0 -1 8 -1 3 -1 1062 -2
0 -1 0 -1 1 -1 530 -2
0 -1 7 -1 3 -1 1319 -2
0 -1 2 -1 4 -1 641 -2
0 -1 8 -1 3 -1 933 -2
0 -1 1 -1 1 -1 1332 -2
1 -1 3 -1 1 -1 756 -2
0 -1 1 -1 4 -1 845 -2
0 -1 13 -1 1 -1 541 -2
0 -1 3 -1 4 -1 593 -2
0 -1 7 -1 4 -1 1171 -2
0 -1 3 -1 1 -1 895 -2
1 -1 1 -1 4 -1 350 -2
0 -1 5 -1 3 -1 921 -2
0 -1 1 -1 3 -1 1144 -2
1 -1 8 -1 1 -1 143 -2
0 -1 4 -1 4 -1 1046 -2
1 -1 6 -1 3 -1 575 -2
0 -1 2 -1 3 -1 408 -2
1 -1 1 -1 3 -1 156 -2
0 -1 3 -1 4 -1 1283 -2
0 -1 1 -1 3 -1 755 -2
0 -1 5 -1 4 -1 1469 -2
0 -1 7 -1 2 -1 304 -2
0 -1 5 -1 2 -1 1261 -2
0 -1 7 -1 3 -1 1178 -2
0 -1 2 -1 4 -1 329 -2
1 -1 5 -1 1 -1 1362 -2
0 -1 5 -1 3 -1 1311 -2
0 -1 5 -1 4 -1 1371 -2
0 -1 1 -1 3 -1 202 -2
1 -1 6 -1 3 -1 575 -2
0 -1 2 -1 1 -1 253 -2
0 -1 10 -1 2 -1 164 -2
1 -1 1 -1 3 -1 464 -2
0 -1 18 -1 4 -1 1107 -2
0 -1 5 -1 4 -1 759 -2
0 -1 5 -1 2 -1 201 -2
0 -1 1 -1 3 -1 1305 -2
0 -1 25 -1 1 -1 982 -2
0 -1 1 -1 2 -1 555 -2
0 -1 4 -1 1 -1 821 -2
0 -1 3 -1 3 -1 1381 -2
0 -1 13 -1 2 -1 480 -2
0 -1 3 -1 4 -1 313 -2
0 -1 5 -1 3 -1 1473 -2
0 -1 5 -1 2 -1 891 -2
0 -1 13 -1 2 -1 1063 -2
0 -1 4 -1 4 -1 329 -2
0 -1 21 -1 2 -1 1218 -2
0 -1 7 -1 3 -1 906 -2
0 -1 5 -1 2 -1 1082 -2
0 -1 10 -1 2 -1 645 -2
0 -1 10 -1 3 -1 1300 -2
1 -1 2 -1 1 -1 688 -2
0 -1 5 -1 4 -1 319 -2
0 -1 2 -1 1 -1 192 -2
0 -1 5 -1 4 -1 1490 -2
0 -1 5 -1 1 -1 532 -2
0 -1 5 -1 3 -1 317 -2
0 -1 29 -1 1 -1 422 -2
0 -1 10 -1 3 -1 1485 -2
0 -1 6 -1 4 -1 1368 -2
1 -1 5 -1 1 -1 1448 -2
1 -1 2 -1 4 -1 296 -2
0 -1 1 -1 4 -1 1490 -2
0 -1 20 -1 3 -1 1398 -2
0 -1 3 -1 1 -1 1349 -2
0 -1 5 -1 3 -1 1400 -2
0 -1 10 -1 2 -1 986 -2
1 -1 2 -1 3 -1 408 -2
1 -1 1 -1 1 -1 489 -2
0 -1 9 -1 3 -1 1398 -2
0 -1 1 -1 1 -1 210 -2
0 -1 27 -1 2 -1 1099 -2
0 -1 11 -1 3 -1 1116 -2
0 -1 18 -1 3 -1 1499 -2
0 -1 5 -1 1 -1 983 -2
0 -1 3 -1 1 -1 1009 -2
0 -1 5 -1 4 -1 144 -2
0 -1 1 -1 3 -1 548 -2
0 -1 7 -1 4 -1 1303 -2
0 -1 3 -1 3 -1 1125 -2
0 -1 13 -1 3 -1 1274 -2
1 -1 7 -1 2 -1 1277 -2
1 -1 4 -1 1 -1 587 -2
0 -1 3 -1 4 -1 413 -2
0 -1 8 -1 4 -1 1276 -2
1 -1 1 -1 1 -1 534 -2
1 -1 3 -1 2 -1 988 -2
0 -1 2 -1 2 -1 1474 -2
0 -1 10 -1 2 -1 635 -2
1 -1 2 -1 3 -1 1368 -2
0 -1 9 -1 2 -1 163 -2
0 -1 10 -1 1 -1 1117 -2
0 -1 14 -1 4 -1 267 -2
0 -1 11 -1 2 -1 619 -2
0 -1 20 -1 2 -1 302 -2
0 -1 8 -1 3 -1 443 -2
0 -1 6 -1 2 -1 828 -2
0 -1 10 -1 4 -1 319 -2
0 -1 8 -1 4 -1 561 -2
1 -1 7 -1 2 -1 426 -2
0 -1 3 -1 4 -1 232 -2
0 -1 6 -1 1 -1 922 -2
0 -1 5 -1 3 -1 688 -2
1 -1 0 -1 2 -1 1306 -2
0 -1 1 -1 3 -1 1094 -2
0 -1 8 -1 1 -1 509 -2
0 -1 0 -1 1 -1 775 -2
0 -1 5 -1 1 -1 195 -2
0 -1 10 -1 4 -1 258 -2
1 -1 1 -1 3 -1 471 -2
0 -1 6 -1 2 -1 799 -2
0 -1 2 -1 1 -1 1034 -2
0 -1 18 -1 2 -1 1276 -2
0 -1 9 -1 1 -1 142 -2
0 -1 10 -1 4 -1 956 -2
1 -1 4 -1 4 -1 1474 -2
0 -1 2 -1 4 -1 535 -2
0 -1 1 -1 3 -1 1495 -2
0 -1 6 -1 2 -1 446 -2
0 -1 31 -1 4 -1 1245 -2
0 -1 6 -1 2 -1 691 -2
0 -1 5 -1 1 -1 703 -2
0 -1 1 -1 4 -1 823 -2
0 -1 32 -1 1 -1 1246 -2
0 -1 7 -1 2 -1 622 -2
1 -1 6 -1 1 -1 1287 -2
1 -1 1 -1 2 -1 448 -2
0 -1 6 -1 2 -1 254 -2
1 -1 3 -1 2 -1 1365 -2
0 -1 3 -1 1 -1 538 -2
0 -1 7 -1 1 -1 525 -2
0 -1 5 -1 1 -1 798 -2
0 -1 3 -1 4 -1 558 -2
0 -1 1 -1 4 -1 959 -2
0 -1 10 -1 3 -1 622 -2
0 -1 1 -1 2 -1 782 -2
0 -1 0 -1 3 -1 362 -2
0 -1 8 -1 4 -1 1001 -2
0 -1 3 -1 4 -1 1236 -2
0 -1 2 -1 1 -1 1112 -2
0 -1 8 -1 3 -1 204 -2
1 -1 4 -1 3 -1 1420 -2
0 -1 3 -1 3 -1 1343 -2
0 -1 2 -1 4 -1 1315 -2
0 -1 2 -1 1 -1 604 -2
0 -1 5 -1 3 -1 1216 -2
0 -1 6 -1 1 -1 646 -2
0 -1 1 -1 3 -1 160 -2
0 -1 14 -1 4 -1 238 -2
0 -1 10 -1 2 -1 1397 -2
1 -1 1 -1 1 -1 306 -2
0 -1 3 -1 3 -1 991 -2
0 -1 10 -1 3 -1 482 -2
0 -1 6 -1 2 -1 1176 -2
0 -1 17 -1 2 -1 1017 -2
0 -1 13 -1 3 -1 1296 -2
0 -1 9 -1 3 -1 397 -2
0 -1 3 -1 2 -1 913 -2
0 -1 4 -1 1 -1 1115 -2
1 -1 1 -1 4 -1 1362 -2
1 -1 10 -1 1 -1 1076 -2
0 -1 1 -1 3 -1 727 -2
0 -1 3 -1 1 -1 885 -2
0 -1 3 -1 4 -1 810 -2
0 -1 7 -1 4 -1 243 -2
0 -1 10 -1 2 -1 806 -2
0 -1 2 -1 2 -1 817 -2
0 -1 6 -1 4 -1 1410 -2
0 -1 1 -1 4 -1 1225 -2
0 -1 20 -1 4 -1 1207 -2
0 -1 8 -1 4 -1 1442 -2
1 -1 2 -1 1 -1 693 -2
0 -1 20 -1 4 -1 408 -2
0 -1 10 -1 4 -1 929 -2
1 -1 4 -1 2 -1 562 -2
0 -1 9 -1 2 -1 827 -2
0 -1 9 -1 3 -1 608 -2
0 -1 7 -1 3 -1 1018 -2
0 -1 7 -1 4 -1 703 -2
0 -1 18 -1 4 -1 580 -2
0 -1 5 -1 3 -1 970 -2
0 -1 21 -1 2 -1 427 -2
0 -1 2 -1 1 -1 1179 -2
0 -1 9 -1 4 -1 294 -2
0 -1 22 -1 4 -1 314 -2
0 -1 2 -1 4 -1 316 -2
1 -1 7 -1 1 -1 654 -2
0 -1 8 -1 1 -1 427 -2
0 -1 1 -1 3 -1 168 -2
0 -1 5 -1 1 -1 381 -2
0 -1 22 -1 4 -1 217 -2
0 -1 8 -1 3 -1 501 -2
0 -1 1 -1 3 -1 1396 -2
1 -1 2 -1 3 -1 933 -2
0 -1 2 -1 4 -1 775 -2
0 -1 5 -1 2 -1 970 -2
0 -1 4 -1 2 -1 650 -2
0 -1 8 -1 3 -1 141 -2
0 -1 10 -1 3 -1 832 -2
0 -1 4 -1 4 -1 804 -2
0 -1 7 -1 4 -1 975 -2
0 -1 2 -1 4 -1 1090 -2
0 -1 2 -1 4 -1 346 -2
0 -1 1 -1 4 -1 1225 -2
0 -1 10 -1 1 -1 430 -2
0 -1 1 -1 4 -1 268 -2
0 -1 0 -1 2 -1 167 -2
0 -1 34 -1 3 -1 621 -2
1 -1 10 -1 4 -1 527 -2
0 -1 6 -1 3 -1 883 -2
0 -1 8 -1 2 -1 954 -2
0 -1 2 -1 1 -1 310 -2
1 -1 5 -1 2 -1 719 -2
0 -1 6 -1 4 -1 304 -2
1 -1 5 -1 4 -1 725 -2
0 -1 10 -1 1 -1 1434 -2
0 -1 4 -1 4 -1 715 -2
0 -1 2 -1 1 -1 575 -2
0 -1 8 -1 2 -1 657 -2
1 -1 4 -1 4 -1 1146 -2
0 -1 4 -1 2 -1 182 -2
0 -1 5 -1 4 -1 376 -2
0 -1 4 -1 3 -1 829 -2
0 -1 5 -1 4 -1 571 -2
0 -1 15 -1 1 -1 240 -2
0 -1 6 -1 3 -1 121 -2
0 -1 3 -1 1 -1 384 -2
0 -1 2 -1 4 -1 921 -2
0 -1 8 -1 3 -1 791 -2
0 -1 3 -1 3 -1 1111 -2
0 -1 24 -1 2 -1 570 -2
1 -1 0 -1 3 -1 1243 -2
0 -1 1 -1 3 -1 1092 -2
0 -1 5 -1 4 -1 1325 -2
0 -1 4 -1 3 -1 691 -2
1 -1 1 -1 2 -1 805 -2
0 -1 13 -1 3 -1 213 -2
1 -1 3 -1 1 -1 118 -2
0 -1 26 -1 3 -1 202 -2
0 -1 9 -1 3 -1 676 -2
0 -1 10 -1 3 -1 1252 -2
1 -1 31 -1 4 -1 286 -2
0 -1 2 -1 4 -1 1258 -2
0 -1 4 -1 4 -1 932 -2
1 -1 2 -1 3 -1 890 -2
0 -1 5 -1 3 -1 1041 -2
0 -1 14 -1 3 -1 859 -2
0 -1 1 -1 1 -1 720 -2
0 -1 0 -1 3 -1 946 -2
0 -1 1 -1 2 -1 252 -2
0 -1 9 -1 2 -1 933 -2
0 -1 4 -1 1 -1 471 -2
0 -1 5 -1 3 -1 702 -2
1 -1 9 -1 3 -1 1184 -2
1 -1 9 -1 3 -1 436 -2
0 -1 4 -1 2 -1 589 -2
0 -1 9 -1 3 -1 269 -2
0 -1 8 -1 3 -1 950 -2
0 -1 8 -1 2 -1 760 -2
0 -1 3 -1 3 -1 829 -2
1 -1 8 -1 3 -1 887 -2
0 -1 0 -1 4 -1 443 -2
0 -1 20 -1 1 -1 1318 -2
0 -1 5 -1 4 -1 625 -2
0 -1 4 -1 1 -1 180 -2
0 -1 9 -1 1 -1 586 -2
0 -1 6 -1 3 -1 1343 -2
0 -1 18 -1 2 -1 928 -2
0 -1 5 -1 2 -1 117 -2
0 -1 5 -1 2 -1 1012 -2
0 -1 5 -1 1 -1 661 -2
0 -1 5 -1 4 -1 930 -2
0 -1 5 -1 3 -1 638 -2
0 -1 9 -1 3 -1 890 -2
0 -1 1 -1 4 -1 342 -2
0 -1 5 -1 2 -1 1169 -2
0 -1 2 -1 4 -1 1230 -2
0 -1 3 -1 1 -1 986 -2
0 -1 2 -1 2 -1 1271 -2
0 -1 5 -1 1 -1 1278 -2
0 -1 5 -1 3 -1 141 -2
0 -1 17 -1 4 -1 607 -2
1 -1 10 -1 4 -1 130 -2
0 -1 3 -1 4 -1 300 -2
0 -1 5 -1 3 -1 583 -2
0 -1 4 -1 3 -1 1418 -2
0 -1 5 -1 1 -1 1269 -2
0 -1 10 -1 2 -1 379 -2
0 -1 2 -1 2 -1 395 -2
0 -1 5 -1 3 -1 1265 -2
0 -1 6 -1 4 -1 1222 -2
1 -1 3 -1 2 -1 341 -2
0 -1 2 -1 1 -1 868 -2
0 -1 13 -1 4 -1 672 -2
0 -1 5 -1 3 -1 1231 -2
0 -1 12 -1 4 -1 102 -2
0 -1 5 -1 4 -1 422 -2
0 -1 7 -1 3 -1 249 -2
0 -1 10 -1 1 -1 1252 -2
0 -1 31 -1 1 -1 881 -2
0 -1 5 -1 4 -1 1383 -2
0 -1 4 -1 4 -1 1075 -2
1 -1 1 -1 1 -1 374 -2
0 -1 4 -1 1 -1 1086 -2
0 -1 8 -1 2 -1 661 -2
0 -1 4 -1 1 -1 821 -2
1 -1 1 -1 4 -1 781 -2
0 -1 1 -1 1 -1 177 -2
1 -1 2 -1 3 -1 500 -2
1 -1 1 -1 4 -1 1427 -2
0 -1 16 -1 3 -1 1425 -2
0 -1 3 -1 4 -1 1454 -2
1 -1 3 -1 2 -1 617 -2
1 -1 7 -1 2 -1 1085 -2
0 -1 2 -1 3 -1 995 -2
1 -1 2 -1 4 -1 1122 -2
0 -1 1 -1 2 -1 618 -2
0 -1 1 -1 2 -1 546 -2
0 -1 5 -1 3 -1 462 -2
0 -1 3 -1 3 -1 1198 -2
0 -1 6 -1 3 -1 1272 -2
0 -1 7 -1 2 -1 154 -2
0 -1 10 -1 4 -1 1137 -2
0 -1 26 -1 1 -1 527 -2
0 -1 0 -1 4 -1 1469 -2
0 -1 9 -1 4 -1 1188 -2
0 -1 6 -1 2 -1 188 -2
0 -1 15 -1 4 -1 1333 -2
0 -1 3 -1 3 -1 1184 -2
1 -1 1 -1 3 -1 867 -2
0 -1 1 -1 1 -1 658 -2
0 -1 7 -1 3 -1 1283 -2
0 -1 18 -1 4 -1 263 -2
0 -1 11 -1 3 -1 938 -2
1 -1 1 -1 4 -1 419 -2
1 -1 1 -1 1 -1 129 -2
0 -1 9 -1 4 -1 616 -2
0 -1 1 -1 4 -1 1469 -2
0 -1 8 -1 3 -1 498 -2
1 -1 16 -1 3 -1 530 -2
0 -1 5 -1 2 -1 1069 -2
1 -1 14 -1 1 -1 625 -2
0 -1 9 -1 3 -1 805 -2
0 -1 3 -1 3 -1 1404 -2
0 -1 5 -1 3 -1 1219 -2
0 -1 9 -1 4 -1 1053 -2
1 -1 1 -1 4 -1 289 -2
0 -1 17 -1 3 -1 1376 -2
0 -1 8 -1 3 -1 231 -2
0 -1 5 -1 3 -1 152 -2
0 -1 10 -1 4 -1 882 -2
0 -1 8 -1 1 -1 903 -2
1 -1 1 -1 2 -1 1479 -2
0 -1 19 -1 3 -1 1379 -2
0 -1 7 -1 1 -1 1229 -2
1 -1 3 -1 3 -1 335 -2
0 -1 10 -1 4 -1 722 -2
1 -1 0 -1 4 -1 906 -2
0 -1 3 -1 2 -1 461 -2
0 -1 5 -1 4 -1 974 -2
0 -1 5 -1 4 -1 1126 -2
0 -1 6 -1 3 -1 827 -2
0 -1 18 -1 1 -1 840 -2
0 -1 2 -1 3 -1 1134 -2
0 -1 9 -1 4 -1 248 -2
0 -1 9 -1 4 -1 955 -2
1 -1 5 -1 1 -1 138 -2
0 -1 12 -1 4 -1 939 -2
0 -1 2 -1 3 -1 1391 -2
0 -1 8 -1 4 -1 566 -2
0 -1 4 -1 4 -1 1206 -2
1 -1 4 -1 3 -1 622 -2
0 -1 4 -1 3 -1 853 -2
0 -1 0 -1 2 -1 287 -2
0 -1 10 -1 3 -1 1441 -2
0 -1 16 -1 3 -1 583 -2
0 -1 8 -1 2 -1 153 -2
1 -1 1 -1 4 -1 1097 -2
1 -1 3 -1 2 -1 109 -2
0 -1 8 -1 4 -1 1066 -2
0 -1 4 -1 2 -1 217 -2
0 -1 2 -1 1 -1 277 -2
0 -1 15 -1 3 -1 1355 -2
0 -1 2 -1 4 -1 549 -2
0 -1 21 -1 4 -1 466 -2
0 -1 3 -1 1 -1 1055 -2
0 -1 3 -1 2 -1 802 -2
0 -1 1 -1 4 -1 265 -2
0 -1 1 -1 1 -1 804 -2
0 -1 5 -1 3 -1 715 -2
1 -1 1 -1 1 -1 1141 -2
0 -1 8 -1 3 -1 135 -2
0 -1 21 -1 2 -1 247 -2
0 -1 1 -1 2 -1 1035 -2
1 -1 2 -1 2 -1 265 -2
1 -1 32 -1 1 -1 266 -2
0 -1 12 -1 4 -1 1448 -2
0 -1 18 -1 4 -1 145 -2
1 -1 17 -1 3 -1 885 -2
0 -1 21 -1 4 -1 945 -2
0 -1 2 -1 2 -1 1038 -2
0 -1 9 -1 4 -1 1234 -2
0 -1 8 -1 4 -1 1109 -2
0 -1 15 -1 2 -1 216 -2
0 -1 6 -1 2 -1 1089 -2
0 -1 6 -1 2 -1 788 -2
0 -1 15 -1 3 -1 124 -2
1 -1 1 -1 1 -1 660 -2
1 -1 3 -1 1 -1 342 -2
0 -1 1 -1 3 -1 1333 -2
0 -1 1 -1 4 -1 1144 -2
0 -1 2 -1 3 -1 1186 -2
0 -1 8 -1 2 -1 1464 -2
0 -1 4 -1 4 -1 124 -2
0 -1 7 -1 3 -1 300 -2
0 -1 5 -1 1 -1 921 -2
0 -1 2 -1 4 -1 430 -2
0 -1 9 -1 3 -1 1082 -2
0 -1 5 -1 1 -1 1240 -2
0 -1 14 -1 4 -1 796 -2
0 -1 9 -1 3 -1 444 -2
0 -1 1 -1 3 -1 415 -2
1 -1 2 -1 4 -1 769 -2
1 -1 1 -1 3 -1 1334 -2
0 -1 16 -1 4 -1 1003 -2
1 -1 10 -1 1 -1 1323 -2
1 -1 10 -1 2 -1 1366 -2
0 -1 5 -1 1 -1 192 -2
0 -1 6 -1 3 -1 1176 -2
0 -1 10 -1 2 -1 509 -2
0 -1 19 -1 3 -1 330 -2
0 -1 11 -1 1 -1 1492 -2
0 -1 3 -1 1 -1 1277 -2
0 -1 3 -1 4 -1 1091 -2
0 -1 8 -1 3 -1 857 -2
1 -1 20 -1 2 -1 1376 -2
0 -1 3 -1 4 -1 654 -2
1 -1 8 -1 4 -1 1204 -2
1 -1 13 -1 1 -1 827 -2
0 -1 4 -1 1 -1 895 -2
0 -1 6 -1 1 -1 618 -2
0 -1 1 -1 4 -1 309 -2
1 -1 7 -1 4 -1 1219 -2
1 -1 1 -1 1 -1 1330 -2
1 -1 2 -1 1 -1 1017 -2
0 -1 22 -1 4 -1 469 -2
1 -1 1 -1 1 -1 1009 -2
1 -1 0 -1 4 -1 959 -2
0 -1 3 -1 4 -1 970 -2
0 -1 0 -1 3 -1 697 -2
0 -1 5 -1 1 -1 1262 -2
0 -1 15 -1 2 -1 1050 -2
0 -1 8 -1 2 -1 994 -2
0 -1 8 -1 3 -1 770 -2
0 -1 7 -1 3 -1 1107 -2
0 -1 9 -1 4 -1 950 -2
0 -1 12 -1 1 -1 406 -2
0 -1 1 -1 4 -1 130 -2
0 -1 8 -1 3 -1 1082 -2
1 -1 18 -1 1 -1 203 -2
0 -1 20 -1 3 -1 1308 -2
0 -1 2 -1 4 -1 984 -2
0 -1 5 -1 3 -1 439 -2
0 -1 11 -1 1 -1 217 -2
0 -1 2 -1 3 -1 793 -2
0 -1 5 -1 1 -1 1451 -2
0 -1 5 -1 4 -1 1182 -2
0 -1 9 -1 4 -1 174 -2
0 -1 3 -1 4 -1 1003 -2
0 -1 7 -1 4 -1 490 -2
0 -1 1 -1 2 -1 188 -2
0 -1 10 -1 2 -1 718 -2
0 -1 7 -1 3 -1 433 -2
0 -1 3 -1 3 -1 773 -2
1 -1 0 -1 3 -1 247 -2
1 -1 5 -1 1 -1 603 -2
0 -1 1 -1 2 -1 167 -2
1 -1 2 -1 3 -1 874 -2
0 -1 6 -1 3 -1 367 -2
0 -1 4 -1 4 -1 199 -2
0 -1 6 -1 2 -1 1400 -2
0 -1 5 -1 3 -1 528 -2
1 -1 11 -1 4 -1 408 -2
0 -1 18 -1 2 -1 593 -2
1 -1 21 -1 3 -1 481 -2
0 -1 6 -1 2 -1 647 -2
0 -1 8 -1 4 -1 982 -2
0 -1 4 -1 4 -1 477 -2
1 -1 1 -1 3 -1 1485 -2
0 -1 8 -1 1 -1 1384 -2
0 -1 10 -1 3 -1 852 -2
0 -1 1 -1 3 -1 902 -2
0 -1 7 -1 3 -1 819 -2
0 -1 13 -1 4 -1 669 -2
0 -1 2 -1 4 -1 636 -2
1 -1 4 -1 1 -1 1372 -2
0 -1 1 -1 3 -1 862 -2
0 -1 5 -1 4 -1 718 -2
0 -1 10 -1 2 -1 1401 -2
0 -1 1 -1 3 -1 645 -2
0 -1 3 -1 1 -1 1457 -2
0 -1 14 -1 4 -1 977 -2
0 -1 2 -1 1 -1 805 -2
1 -1 6 -1 3 -1 1097 -2
0 -1 7 -1 4 -1 1223 -2
0 -1 5 -1 2 -1 942 -2
1 -1 0 -1 3 -1 1256 -2
0 -1 26 -1 3 -1 1402 -2
0 -1 0 -1 4 -1 111 -2
0 -1 5 -1 2 -1 147 -2
1 -1 1 -1 1 -1 906 -2
0 -1 4 -1 3 -1 1329 -2
0 -1 0 -1 2 -1 1184 -2
0 -1 2 -1 4 -1 1421 -2
0 -1 6 -1 4 -1 1179 -2
0 -1 4 -1 4 -1 1450 -2
0 -1 7 -1 3 -1 1361 -2
1 -1 1 -1 4 -1 984 -2
0 -1 10 -1 2 -1 1146 -2
0 -1 7 -1 3 -1 917 -2
0 -1 10 -1 3 -1 853 -2
0 -1 20 -1 4 -1 200 -2
0 -1 2 -1 3 -1 654 -2
0 -1 6 -1 4 -1 150 -2
0 -1 4 -1 4 -1 179 -2
0 -1 11 -1 2 -1 696 -2
0 -1 2 -1 3 -1 116 -2
0 -1 8 -1 4 -1 1316 -2
0 -1 7 -1 3 -1 363 -2
0 -1 14 -1 1 -1 117 -2
0 -1 5 -1 2 -1 107 -2
0 -1 4 -1 3 -1 1356 -2
0 -1 11 -1 4 -1 1465 -2
0 -1 1 -1 1 -1 458 -2
0 -1 13 -1 3 -1 1212 -2
0 -1 9 -1 1 -1 1103 -2
0 -1 5 -1 4 -1 966 -2
0 -1 10 -1 1 -1 1117 -2
1 -1 1 -1 1 -1 504 -2
0 -1 3 -1 1 -1 1010 -2
0 -1 10 -1 4 -1 685 -2
0 -1 6 -1 3 -1 1332 -2
0 -1 10 -1 3 -1 1062 -2
0 -1 6 -1 3 -1 326 -2
0 -1 8 -1 3 -1 920 -2
0 -1 1 -1 1 -1 1098 -2
0 -1 11 -1 3 -1 469 -2
0 -1 1 -1 4 -1 969 -2
0 -1 5 -1 1 -1 1167 -2
0 -1 6 -1 3 -1 1329 -2
0 -1 1 -1 4 -1 715 -2
0 -1 7 -1 4 -1 694 -2
0 -1 1 -1 3 -1 1320 -2
0 -1 22 -1 2 -1 1099 -2
0 -1 9 -1 4 -1 536 -2
0 -1 1 -1 2 -1 265 -2
0 -1 1 -1 4 -1 373 -2
1 -1 1 -1 3 -1 599 -2
0 -1 8 -1 3 -1 583 -2
1 -1 24 -1 1 -1 1449 -2
0 -1 33 -1 4 -1 177 -2
1 -1 2 -1 1 -1 251 -2
0 -1 11 -1 4 -1 168 -2
0 -1 3 -1 3 -1 131 -2
0 -1 29 -1 4 -1 237 -2
0 -1 9 -1 4 -1 1429 -2
0 -1 11 -1 3 -1 135 -2
0 -1 4 -1 4 -1 791 -2
0 -1 25 -1 3 -1 1199 -2
0 -1 10 -1 3 -1 648 -2
0 -1 3 -1 3 -1 735 -2
0 -1 1 -1 2 -1 603 -2
0 -1 21 -1 4 -1 531 -2
0 -1 16 -1 3 -1 429 -2
1 -1 10 -1 1 -1 621 -2
0 -1 2 -1 4 -1 193 -2
0 -1 7 -1 2 -1 968 -2
0 -1 8 -1 3 -1 879 -2
1 -1 7 -1 2 -1 806 -2
0 -1 3 -1 4 -1 640 -2
0 -1 2 -1 4 -1 266 -2
0 -1 10 -1 3 -1 604 -2
0 -1 0 -1 2 -1 364 -2
0 -1 19 -1 3 -1 412 -2
0 -1 2 -1 1 -1 848 -2
1 -1 10 -1 4 -1 1089 -2
1 -1 5 -1 3 -1 360 -2
0 -1 9 -1 1 -1 1138 -2
0 -1 7 -1 4 -1 325 -2
0 -1 7 -1 4 -1 991 -2
0 -1 9 -1 3 -1 1476 -2
0 -1 3 -1 4 -1 1322 -2
1 -1 5 -1 4 -1 299 -2
1 -1 8 -1 2 -1 1030 -2
0 -1 9 -1 2 -1 634 -2
0 -1 8 -1 1 -1 524 -2
0 -1 10 -1 4 -1 587 -2
0 -1 19 -1 3 -1 256 -2
1 -1 3 -1 4 -1 1060 -2
1 -1 3 -1 1 -1 935 -2
0 -1 20 -1 3 -1 495 -2
0 -1 19 -1 4 -1 282 -2
0 -1 7 -1 4 -1 206 -2
0 -1 4 -1 3 -1 458 -2
0 -1 9 -1 4 -1 943 -2
0 -1 9 -1 3 -1 523 -2
0 -1 9 -1 3 -1 1018 -2
0 -1 9 -1 3 -1 482 -2
0 -1 33 -1 3 -1 770 -2
0 -1 7 -1 2 -1 1009 -2
0 -1 10 -1 3 -1 507 -2
0 -1 3 -1 4 -1 882 -2
1 -1 10 -1 3 -1 601 -2
0 -1 4 -1 2 -1 329 -2
0 -1 15 -1 1 -1 607 -2
0 -1 10 -1 4 -1 855 -2
0 -1 1 -1 3 -1 1291 -2
0 -1 5 -1 4 -1 1405 -2
0 -1 0 -1 4 -1 1124 -2
0 -1 9 -1 4 -1 817 -2
0 -1 6 -1 4 -1 793 -2
1 -1 19 -1 1 -1 267 -2
0 -1 19 -1 4 -1 1369 -2
0 -1 5 -1 1 -1 999 -2
0 -1 12 -1 2 -1 1202 -2
0 -1 8 -1 2 -1 285 -2
1 -1 1 -1 3 -1 703 -2
1 -1 4 -1 4 -1 662 -2
0 -1 4 -1 4 -1 693 -2
0 -1 14 -1 3 -1 404 -2
0 -1 5 -1 3 -1 736 -2
1 -1 10 -1 4 -1 330 -2
0 -1 5 -1 1 -1 1498 -2
0 -1 4 -1 2 -1 541 -2
0 -1 6 -1 4 -1 1200 -2
0 -1 6 -1 3 -1 1439 -2
0 -1 5 -1 2 -1 1111 -2
0 -1 3 -1 3 -1 499 -2
0 -1 6 -1 3 -1 1485 -2
0 -1 3 -1 1 -1 1372 -2
0 -1 5 -1 4 -1 322 -2
0 -1 20 -1 1 -1 930 -2
0 -1 6 -1 4 -1 205 -2
1 -1 8 -1 4 -1 135 -2
0 -1 4 -1 1 -1 683 -2
0 -1 20 -1 3 -1 1147 -2
0 -1 5 -1 3 -1 258 -2
0 -1 3 -1 1 -1 1462 -2
0 -1 2 -1 3 -1 200 -2
0 -1 3 -1 1 -1 949 -2
0 -1 7 -1 3 -1 652 -2
0 -1 10 -1 2 -1 332 -2
1 -1 4 -1 1 -1 1475 -2
1 -1 8 -1 3 -1 337 -2
0 -1 20 -1 4 -1 971 -2
0 -1 9 -1 4 -1 1055 -2
0 -1 7 -1 2 -1 1136 -2
0 -1 5 -1 1 -1 1174 -2
1 -1 1 -1 2 -1 667 -2
0 -1 3 -1 4 -1 855 -2
0 -1 3 -1 1 -1 182 -2
0 -1 4 -1 4 -1 560 -2
1 -1 1 -1 1 -1 202 -2
0 -1 5 -1 2 -1 1377 -2
0 -1 10 -1 1 -1 172 -2
0 -1 3 -1 3 -1 329 -2
0 -1 6 -1 1 -1 465 -2
1 -1 3 -1 1 -1 383 -2
0 -1 6 -1 3 -1 1413 -2
0 -1 3 -1 1 -1 1255 -2
0 -1 20 -1 1 -1 359 -2
0 -1 5 -1 4 -1 1476 -2
0 -1 4 -1 4 -1 601 -2
0 -1 5 -1 4 -1 401 -2
0 -1 4 -1 2 -1 1283 -2
0 -1 8 -1 3 -1 663 -2
0 -1 13 -1 1 -1 326 -2
1 -1 7 -1 1 -1 377 -2
1 -1 1 -1 1 -1 592 -2
1 -1 10 -1 3 -1 1445 -2
0 -1 7 -1 2 -1 1038 -2
0 -1 3 -1 4 -1 1398 -2
1 -1 2 -1 2 -1 523 -2
0 -1 3 -1 2 -1 1448 -2
0 -1 2 -1 3 -1 1221 -2
1 -1 2 -1 1 -1 1107 -2
0 -1 9 -1 4 -1 218 -2
0 -1 5 -1 4 -1 866 -2
0 -1 5 -1 3 -1 981 -2
0 -1 9 -1 4 -1 447 -2
0 -1 3 -1 1 -1 1495 -2
0 -1 3 -1 3 -1 896 -2
0 -1 5 -1 4 -1 1467 -2
0 -1 4 -1 4 -1 430 -2
0 -1 13 -1 4 -1 1326 -2
0 -1 2 -1 4 -1 1358 -2
0 -1 12 -1 1 -1 748 -2
0 -1 1 -1 1 -1 383 -2
0 -1 1 -1 3 -1 990 -2
0 -1 12 -1 2 -1 405 -2
0 -1 8 -1 3 -1 1490 -2
0 -1 14 -1 2 -1 829 -2
1 -1 3 -1 1 -1 1496 -2
1 -1 5 -1 1 -1 115 -2
1 -1 15 -1 1 -1 790 -2
0 -1 1 -1 4 -1 660 -2
1 -1 0 -1 2 -1 381 -2
0 -1 1 -1 4 -1 830 -2
0 -1 2 -1 2 -1 1193 -2
0 -1 10 -1 3 -1 1246 -2
0 -1 5 -1 3 -1 330 -2
0 -1 3 -1 4 -1 1229 -2
0 -1 5 -1 1 -1 1099 -2
0 -1 5 -1 3 -1 571 -2
1 -1 0 -1 3 -1 289 -2
0 -1 1 -1 1 -1 1423 -2
0 -1 4 -1 3 -1 467 -2
0 -1 3 -1 3 -1 271 -2
0 -1 3 -1 4 -1 410 -2
0 -1 8 -1 3 -1 1083 -2
0 -1 0 -1 4 -1 516 -2
0 -1 5 -1 3 -1 495 -2
0 -1 14 -1 2 -1 1050 -2
1 -1 9 -1 1 -1 224 -2
0 -1 20 -1 4 -1 136 -2
0 -1 2 -1 2 -1 1089 -2
0 -1 13 -1 3 -1 228 -2
0 -1 11 -1 4 -1 1029 -2
0 -1 4 -1 1 -1 507 -2
1 -1 5 -1 4 -1 676 -2
0 -1 10 -1 4 -1 971 -2
1 -1 7 -1 4 -1 561 -2
0 -1 32 -1 3 -1 333 -2
0 -1 11 -1 2 -1 1440 -2
0 -1 1 -1 3 -1 1210 -2
0 -1 10 -1 1 -1 674 -2
0 -1 7 -1 3 -1 441 -2
0 -1 5 -1 4 -1 575 -2
0 -1 5 -1 4 -1 950 -2
0 -1 20 -1 4 -1 288 -2
0 -1 8 -1 1 -1 1342 -2
0 -1 15 -1 2 -1 589 -2
0 -1 21 -1 3 -1 898 -2
0 -1 1 -1 3 -1 350 -2
0 -1 2 -1 4 -1 1142 -2
0 -1 10 -1 1 -1 538 -2
0 -1 5 -1 2 -1 1402 -2
0 -1 7 -1 4 -1 824 -2
0 -1 3 -1 3 -1 1157 -2
0 -1 8 -1 3 -1 492 -2
0 -1 1 -1 3 -1 598 -2
0 -1 2 -1 1 -1 1242 -2
1 -1 10 -1 2 -1 740 -2
0 -1 6 -1 3 -1 888 -2
0 -1 3 -1 4 -1 992 -2
0 -1 4 -1 3 -1 1288 -2
1 -1 1 -1 1 -1 104 -2
1 -1 33 -1 3 -1 607 -2
1 -1 5 -1 3 -1 903 -2
0 -1 6 -1 4 -1 1200 -2
0 -1 8 -1 3 -1 1108 -2
0 -1 1 -1 1 -1 479 -2
0 -1 36 -1 3 -1 685 -2
0 -1 2 -1 2 -1 1351 -2
0 -1 1 -1 1 -1 474 -2
0 -1 9 -1 3 -1 1245 -2
0 -1 3 -1 2 -1 437 -2
0 -1 1 -1 2 -1 884 -2
0 -1 10 -1 2 -1 1370 -2
0 -1 5 -1 1 -1 670 -2
0 -1 7 -1 4 -1 1462 -2
0 -1 6 -1 1 -1 995 -2
0 -1 1 -1 3 -1 264 -2
0 -1 2 -1 4 -1 977 -2
0 -1 3 -1 1 -1 1302 -2
0 -1 1 -1 4 -1 1059 -2
0 -1 10 -1 2 -1 750 -2
0 -1 8 -1 4 -1 653 -2
0 -1 5 -1 4 -1 118 -2
0 -1 6 -1 4 -1 990 -2
0 -1 1 -1 3 -1 1349 -2
0 -1 26 -1 4 -1 563 -2
1 -1 1 -1 3 -1 329 -2
0 -1 4 -1 2 -1 457 -2
0 -1 30 -1 2 -1 1234 -2
0 -1 3 -1 2 -1 634 -2
0 -1 22 -1 2 -1 1313 -2
0 -1 6 -1 2 -1 241 -2
0 -1 10 -1 3 -1 1015 -2
0 -1 10 -1 1 -1 336 -2
0 -1 5 -1 4 -1 715 -2
0 -1 3 -1 3 -1 559 -2
0 -1 9 -1 3 -1 426 -2
0 -1 9 -1 3 -1 722 -2
0 -1 7 -1 2 -1 1387 -2
0 -1 7 -1 4 -1 1302 -2
0 -1 16 -1 2 -1 819 -2
0 -1 5 -1 2 -1 580 -2
0 -1 2 -1 3 -1 546 -2
1 -1 0 -1 2 -1 544 -2
0 -1 5 -1 4 -1 1176 -2
0 -1 10 -1 3 -1 170 -2
0 -1 18 -1 1 -1 884 -2
0 -1 14 -1 3 -1 208 -2
0 -1 4 -1 3 -1 671 -2
0 -1 9 -1 1 -1 711 -2
0 -1 10 -1 4 -1 1329 -2
0 -1 5 -1 4 -1 397 -2
1 -1 13 -1 4 -1 737 -2
0 -1 8 -1 2 -1 1470 -2
0 -1 4 -1 3 -1 448 -2
0 -1 10 -1 1 -1 602 -2
0 -1 2 -1 3 -1 365 -2
1 -1 2 -1 1 -1 763 -2
0 -1 6 -1 1 -1 567 -2
0 -1 3 -1 2 -1 486 -2
0 -1 4 -1 4 -1 591 -2
1 -1 4 -1 1 -1 1329 -2
0 -1 5 -1 3 -1 469 -2
0 -1 3 -1 2 -1 711 -2
0 -1 7 -1 4 -1 772 -2
0 -1 5 -1 4 -1 492 -2
0 -1 4 -1 1 -1 301 -2
0 -1 14 -1 4 -1 813 -2
0 -1 2 -1 3 -1 1141 -2
0 -1 11 -1 4 -1 1130 -2
0 -1 4 -1 1 -1 311 -2
0 -1 15 -1 3 -1 465 -2
0 -1 3 -1 4 -1 894 -2
0 -1 5 -1 4 -1 1040 -2
0 -1 10 -1 2 -1 584 -2
0 -1 14 -1 3 -1 1291 -2
1 -1 11 -1 4 -1 880 -2
0 -1 13 -1 4 -1 1189 -2
0 -1 10 -1 1 -1 991 -2
0 -1 6 -1 4 -1 392 -2
0 -1 9 -1 4 -1 977 -2
0 -1 10 -1 1 -1 1112 -2
0 -1 2 -1 4 -1 464 -2
0 -1 4 -1 4 -1 148 -2
0 -1 3 -1 2 -1 1225 -2
0 -1 8 -1 3 -1 809 -2
0 -1 2 -1 4 -1 1206 -2
0 -1 2 -1 4 -1 727 -2
0 -1 6 -1 3 -1 530 -2
0 -1 3 -1 1 -1 1351 -2
0 -1 2 -1 3 -1 528 -2
1 -1 5 -1 4 -1 1320 -2
0 -1 0 -1 4 -1 1495 -2
0 -1 4 -1 2 -1 1395 -2
1 -1 9 -1 4 -1 708 -2
1 -1 1 -1 4 -1 1259 -2
0 -1 7 -1 4 -1 786 -2
0 -1 4 -1 1 -1 1441 -2
0 -1 15 -1 2 -1 1157 -2
0 -1 1 -1 3 -1 370 -2
0 -1 14 -1 2 -1 267 -2
0 -1 6 -1 3 -1 1278 -2
0 -1 10 -1 2 -1 678 -2
1 -1 3 -1 3 -1 427 -2
0 -1 8 -1 3 -1 921 -2
0 -1 5 -1 1 -1 146 -2
0 -1 10 -1 4 -1 1179 -2
0 -1 5 -1 3 -1 581 -2
0 -1 10 -1 4 -1 918 -2
0 -1 5 -1 4 -1 1082 -2
0 -1 13 -1 3 -1 530 -2
0 -1 23 -1 3 -1 1238 -2
1 -1 1 -1 4 -1 240 -2
1 -1 23 -1 3 -1 1093 -2
0 -1 3 -1 4 -1 390 -2
0 -1 21 -1 4 -1 1005 -2
0 -1 5 -1 1 -1 585 -2
0 -1 5 -1 2 -1 741 -2
0 -1 3 -1 3 -1 552 -2
0 -1 1 -1 2 -1 369 -2
0 -1 6 -1 2 -1 506 -2
0 -1 10 -1 3 -1 717 -2
0 -1 7 -1 4 -1 1370 -2
0 -1 10 -1 2 -1 793 -2
0 -1 1 -1 3 -1 543 -2
0 -1 10 -1 3 -1 1277 -2
1 -1 2 -1 2 -1 1456 -2
1 -1 0 -1 1 -1 964 -2
0 -1 3 -1 3 -1 160 -2
0 -1 5 -1 4 -1 163 -2
0 -1 9 -1 4 -1 792 -2
0 -1 4 -1 4 -1 371 -2
0 -1 21 -1 2 -1 611 -2
0 -1 5 -1 3 -1 176 -2
0 -1 9 -1 4 -1 1312 -2
0 -1 2 -1 1 -1 897 -2
1 -1 4 -1 3 -1 600 -2
0 -1 5 -1 1 -1 1003 -2
0 -1 6 -1 3 -1 1054 -2
1 -1 2 -1 2 -1 428 -2
0 -1 3 -1 4 -1 461 -2
0 -1 7 -1 3 -1 979 -2
0 -1 5 -1 4 -1 181 -2
0 -1 11 -1 4 -1 1283 -2
0 -1 5 -1 4 -1 1313 -2
1 -1 0 -1 1 -1 211 -2
0 -1 6 -1 3 -1 594 -2
1 -1 1 -1 1 -1 1079 -2
0 -1 1 -1 4 -1 590 -2
0 -1 7 -1 3 -1 305 -2
0 -1 7 -1 2 -1 953 -2
0 -1 1 -1 2 -1 833 -2
1 -1 1 -1 3 -1 807 -2
0 -1 5 -1 2 -1 855 -2
0 -1 1 -1 3 -1 478 -2
0 -1 9 -1 4 -1 775 -2
0 -1 5 -1 3 -1 548 -2
0 -1 15 -1 4 -1 1375 -2
0 -1 3 -1 1 -1 661 -2
0 -1 9 -1 2 -1 244 -2
0 -1 2 -1 4 -1 511 -2
1 -1 1 -1 2 -1 337 -2
0 -1 5 -1 4 -1 1153 -2
1 -1 1 -1 3 -1 1294 -2
0 -1 12 -1 1 -1 196 -2
0 -1 2 -1 1 -1 942 -2
0 -1 5 -1 2 -1 589 -2
0 -1 2 -1 3 -1 734 -2
0 -1 12 -1 4 -1 1383 -2
1 -1 5 -1 3 -1 429 -2
0 -1 10 -1 3 -1 1239 -2
1 -1 10 -1 3 -1 303 -2
0 -1 10 -1 4 -1 867 -2
0 -1 5 -1 3 -1 1181 -2
0 -1 4 -1 3 -1 1253 -2
0 -1 2 -1 2 -1 849 -2
0 -1 4 -1 3 -1 616 -2
0 -1 0 -1 2 -1 1128 -2
0 -1 7 -1 2 -1 1180 -2
0 -1 11 -1 1 -1 1336 -2
1 -1 7 -1 4 -1 234 -2
1 -1 10 -1 4 -1 370 -2
0 -1 2 -1 3 -1 766 -2
0 -1 3 -1 1 -1 343 -2
0 -1 3 -1 2 -1 447 -2
0 -1 22 -1 3 -1 796 -2
0 -1 7 -1 1 -1 1092 -2
1 -1 5 -1 4 -1 920 -2
1 -1 9 -1 4 -1 261 -2
0 -1 5 -1 3 -1 1194 -2
0 -1 10 -1 2 -1 810 -2
0 -1 16 -1 2 -1 350 -2
0 -1 5 -1 2 -1 185 -2
0 -1 22 -1 3 -1 1001 -2
0 -1 7 -1 2 -1 750 -2
0 -1 7 -1 4 -1 431 -2
0 -1 3 -1 1 -1 1125 -2
0 -1 3 -1 3 -1 1217 -2
0 -1 4 -1 2 -1 723 -2
0 -1 5 -1 3 -1 572 -2
0 -1 2 -1 1 -1 1216 -2
0 -1 0 -1 2 -1 1431 -2
1 -1 1 -1 4 -1 359 -2
1 -1 2 -1 1 -1 350 -2
0 -1 8 -1 3 -1 589 -2
0 -1 1 -1 4 -1 430 -2
0 -1 7 -1 1 -1 1422 -2
0 -1 5 -1 4 -1 1297 -2
0 -1 11 -1 4 -1 574 -2
0 -1 0 -1 4 -1 1318 -2
0 -1 6 -1 3 -1 355 -2
0 -1 2 -1 2 -1 207 -2
0 -1 9 -1 4 -1 706 -2
0 -1 3 -1 3 -1 280 -2
0 -1 7 -1 4 -1 726 -2
0 -1 0 -1 4 -1 1142 -2
1 -1 2 -1 3 -1 414 -2
0 -1 19 -1 1 -1 1319 -2
0 -1 9 -1 2 -1 728 -2
0 -1 1 -1 4 -1 352 -2
0 -1 16 -1 1 -1 823 -2
0 -1 22 -1 4 -1 1224 -2
1 -1 1 -1 4 -1 459 -2
1 -1 8 -1 3 -1 1254 -2
0 -1 7 -1 4 -1 1131 -2
0 -1 2 -1 4 -1 835 -2
0 -1 5 -1 2 -1 836 -2
0 -1 1 -1 2 -1 1172 -2
1 -1 1 -1 2 -1 945 -2
1 -1 1 -1 4 -1 391 -2
0 -1 10 -1 2 -1 1266 -2
0 -1 10 -1 2 -1 311 -2
0 -1 5 -1 3 -1 1480 -2
0 -1 3 -1 4 -1 592 -2
0 -1 5 -1 4 -1 783 -2
0 -1 3 -1 4 -1 219 -2
0 -1 9 -1 2 -1 556 -2
0 -1 10 -1 2 -1 1213 -2
0 -1 19 -1 1 -1 1137 -2
0 -1 1 -1 2 -1 482 -2
0 -1 8 -1 1 -1 511 -2
0 -1 22 -1 4 -1 117 -2
0 -1 2 -1 2 -1 170 -2
1 -1 5 -1 4 -1 967 -2
1 -1 4 -1 1 -1 1162 -2
0 -1 4 -1 3 -1 335 -2
0 -1 5 -1 3 -1 337 -2
0 -1 13 -1 3 -1 1396 -2
0 -1 5 -1 3 -1 1079 -2
0 -1 4 -1 4 -1 735 -2
0 -1 2 -1 1 -1 471 -2
0 -1 7 -1 3 -1 1096 -2
0 -1 4 -1 2 -1 1297 -2
0 -1 10 -1 2 -1 217 -2
0 -1 7 -1 3 -1 783 -2
1 -1 1 -1 3 -1 746 -2
0 -1 3 -1 1 -1 1251 -2
0 -1 5 -1 2 -1 1354 -2
0 -1 15 -1 3 -1 735 -2
1 -1 2 -1 4 -1 1475 -2
0 -1 8 -1 3 -1 1169 -2
0 -1 0 -1 4 -1 1443 -2
0 -1 10 -1 1 -1 867 -2
0 -1 20 -1 4 -1 1394 -2
0 -1 1 -1 4 -1 605 -2
1 -1 4 -1 1 -1 238 -2
0 -1 5 -1 2 -1 1206 -2
0 -1 5 -1 2 -1 1064 -2
0 -1 0 -1 2 -1 419 -2
1 -1 1 -1 1 -1 1337 -2
0 -1 5 -1 2 -1 682 -2
0 -1 5 -1 3 -1 1103 -2
0 -1 4 -1 3 -1 976 -2
0 -1 5 -1 1 -1 1351 -2
0 -1 14 -1 1 -1 937 -2
0 -1 8 -1 4 -1 1239 -2
0 -1 7 -1 3 -1 157 -2
0 -1 5 -1 1 -1 136 -2
0 -1 5 -1 3 -1 1146 -2
0 -1 10 -1 4 -1 1125 -2
1 -1 4 -1 3 -1 1404 -2
0 -1 1 -1 1 -1 1404 -2
0 -1 10 -1 3 -1 1224 -2
0 -1 7 -1 4 -1 954 -2
0 -1 1 -1 4 -1 1373 -2
1 -1 10 -1 1 -1 754 -2
1 -1 2 -1 1 -1 1168 -2
0 -1 4 -1 1 -1 155 -2
0 -1 9 -1 4 -1 1303 -2
0 -1 10 -1 1 -1 574 -2
0 -1 6 -1 4 -1 1444 -2
0 -1 10 -1 3 -1 189 -2
0 -1 1 -1 4 -1 1276 -2
0 -1 20 -1 2 -1 119 -2
0 -1 20 -1 4 -1 335 -2
0 -1 11 -1 3 -1 697 -2
0 -1 5 -1 3 -1 157 -2
0 -1 4 -1 2 -1 771 -2
0 -1 5 -1 4 -1 571 -2
0 -1 10 -1 4 -1 692 -2
0 -1 11 -1 2 -1 444 -2
0 -1 2 -1 3 -1 309 -2
0 -1 12 -1 4 -1 911 -2
0 -1 2 -1 4 -1 977 -2
0 -1 17 -1 1 -1 1180 -2
0 -1 1 -1 2 -1 1313 -2
0 -1 15 -1 4 -1 1321 -2
0 -1 2 -1 1 -1 1154 -2
0 -1 8 -1 1 -1 508 -2
0 -1 4 -1 4 -1 557 -2
0 -1 5 -1 4 -1 642 -2
0 -1 13 -1 3 -1 1162 -2
0 -1 2 -1 4 -1 1490 -2
0 -1 3 -1 4 -1 581 -2
0 -1 10 -1 2 -1 1395 -2
0 -1 9 -1 2 -1 501 -2
0 -1 6 -1 3 -1 267 -2
0 -1 1 -1 1 -1 543 -2
0 -1 2 -1 2 -1 234 -2
0 -1 7 -1 1 -1 116 -2
0 -1 18 -1 2 -1 201 -2
0 -1 14 -1 3 -1 801 -2
0 -1 16 -1 3 -1 161 -2
0 -1 5 -1 1 -1 1382 -2
0 -1 9 -1 1 -1 585 -2
0 -1 4 -1 2 -1 1037 -2
0 -1 2 -1 3 -1 501 -2
0 -1 6 -1 4 -1 105 -2
1 -1 1 -1 4 -1 638 -2
0 -1 9 -1 1 -1 557 -2
0 -1 4 -1 4 -1 688 -2
0 -1 13 -1 3 -1 667 -2
1 -1 2 -1 1 -1 1092 -2
0 -1 22 -1 1 -1 300 -2
1 -1 10 -1 4 -1 310 -2
0 -1 20 -1 1 -1 582 -2
0 -1 8 -1 4 -1 704 -2
0 -1 15 -1 4 -1 301 -2
0 -1 5 -1 3 -1 930 -2
0 -1 4 -1 4 -1 529 -2
0 -1 9 -1 3 -1 1146 -2
0 -1 10 -1 1 -1 345 -2
1 -1 6 -1 2 -1 878 -2
0 -1 6 -1 2 -1 1120 -2
0 -1 5 -1 4 -1 374 -2
0 -1 2 -1 3 -1 1322 -2
0 -1 10 -1 3 -1 1199 -2
0 -1 5 -1 3 -1 1194 -2
0 -1 4 -1 3 -1 287 -2
0 -1 4 -1 4 -1 1378 -2
0 -1 5 -1 4 -1 468 -2
1 -1 3 -1 4 -1 410 -2
0 -1 20 -1 2 -1 722 -2
0 -1 9 -1 2 -1 325 -2
0 -1 4 -1 4 -1 1167 -2
0 -1 5 -1 3 -1 884 -2
0 -1 7 -1 4 -1 613 -2
0 -1 6 -1 2 -1 155 -2
0 -1 9 -1 4 -1 1023 -2
0 -1 4 -1 2 -1 628 -2
